10/18/2014,13,32,false,43,97,100,66,40,100,39,24,47,96
07/06/2014,78,60,false,64,20,42,62,61,67,41,53,23,36
09/13/2014,32,76,true,82,98,13,25,96,46,64,13,21,70
10/03/2014,100,49,true,9,12,45,51,71,74,33,44,64,21
10/11/2014,40,74,true,56,81,86,56,11,44,85,97,70,98
06/11/2015,33,25,false,74,7,66,74,81,98,2,5,90,4
06/02/2014,6,59,false,31,58,56,89,28,4,76,79,61,75
12/04/2014,45,90,false,2,35,16,19,3,3,95,31,74,73
01/29/2015,22,45,true,4,95,18,2,25,24,85,98,37,24
02/06/2015,33,33,true,56,18,31,66,39,15,79,21,34,63
02/18/2015,78,60,true,31,60,30,5,32,39,38,81,16,67
09/22/2014,95,25,false,6,93,51,71,66,22,72,94,41,97
02/26/2015,64,31,true,2,40,88,48,41,81,15,39,4,83
04/14/2015,24,34,true,87,43,47,72,51,74,58,77,71,66
02/08/2015,23,63,false,46,24,84,57,44,27,80,10,42,85
05/02/2015,56,30,true,65,60,20,33,33,48,52,86,53,51
08/15/2014,67,4,true,23,28,29,95,83,13,100,83,16,90
06/24/2015,40,48,true,2,88,57,80,42,42,37,54,74,90
02/06/2015,44,27,true,19,27,20,10,25,60,52,83,74,26
06/17/2015,14,5,true,51,80,77,56,67,32,16,98,71,65
11/20/2014,73,34,true,69,43,96,41,42,85,43,1,81,42
05/31/2015,11,23,false,78,98,42,77,56,10,21,99,42,47
03/23/2015,39,76,false,56,63,55,7,14,15,43,81,52,34
06/22/2015,64,36,false,29,20,34,70,45,85,42,19,52,9
11/04/2014,67,67,true,37,100,85,3,2,41,80,59,35,71
06/29/2014,31,4,false,38,34,19,89,97,40,34,84,63,5
09/17/2014,13,84,true,93,44,84,32,14,76,8,21,7,79
08/06/2014,24,84,true,48,52,38,50,3,89,71,30,45,35
10/29/2014,41,20,false,91,37,29,25,49,61,41,14,24,90
07/13/2014,84,89,true,58,89,89,61,71,100,36,17,67,71
08/04/2014,16,25,true,6,71,20,47,58,76,77,9,60,76
06/01/2014,41,34,true,17,98,71,11,22,89,95,100,13,34
11/28/2014,77,26,false,69,59,97,84,5,45,76,52,51,85
01/17/2015,45,59,false,83,88,71,30,7,61,5,24,52,50
10/04/2014,55,65,false,79,2,67,38,15,52,36,8,42,77
03/06/2015,61,5,true,14,61,97,94,49,68,23,92,54,33
12/22/2014,2,49,false,72,67,7,60,69,91,69,32,11,39
06/26/2015,69,46,false,85,10,68,48,6,29,40,61,64,37
06/25/2015,33,93,true,75,98,1,94,21,19,92,84,22,87
09/15/2014,58,23,false,65,27,43,91,40,52,17,57,86,6
04/14/2015,21,11,true,4,20,43,69,67,30,72,46,30,57
02/07/2015,71,1,false,64,6,10,24,44,67,75,56,66,35
12/28/2014,24,38,true,73,78,77,18,90,79,37,42,31,27
01/09/2015,78,94,true,18,94,49,22,20,97,7,45,85,66
08/08/2014,3,50,true,39,95,12,100,74,40,36,67,88,78
04/16/2015,21,60,false,6,35,7,87,54,79,50,17,6,4
04/09/2015,60,16,true,97,90,22,33,31,96,1,6,84,64
01/02/2015,33,3,true,42,20,18,44,13,48,51,1,3,45
05/31/2015,88,16,false,47,51,35,70,91,75,41,10,8,99
07/05/2014,82,83,false,10,8,45,95,7,28,43,83,60,9
03/19/2015,73,34,false,59,31,96,37,6,3,27,38,51,100
06/16/2014,82,25,true,83,90,56,39,18,25,69,24,59,23
06/17/2014,74,75,false,90,77,42,39,44,47,54,16,62,59
07/01/2014,96,15,false,4,75,6,38,45,97,4,36,29,52
09/30/2014,77,14,false,34,74,49,75,19,81,95,66,97,77
08/30/2014,91,67,false,98,98,10,50,39,86,25,28,79,73
05/05/2015,33,89,true,13,67,18,43,24,70,51,9,94,92
07/16/2014,1,86,false,15,79,10,72,87,47,15,84,60,100
01/21/2015,21,47,true,63,70,59,88,53,87,64,62,97,54
09/22/2014,78,21,false,98,52,58,58,9,53,53,13,62,79
01/22/2015,70,90,true,94,97,73,68,85,81,65,55,85,1
12/23/2014,37,51,true,61,59,11,93,34,83,57,32,65,13
12/14/2014,13,37,false,27,96,38,35,22,14,66,33,60,60
08/22/2014,23,11,false,78,32,2,74,94,46,2,73,45,2
11/17/2014,14,39,true,31,84,37,58,67,47,32,59,59,56
09/22/2014,56,48,false,96,20,9,82,97,48,2,19,71,52
05/30/2015,27,28,false,73,12,21,53,4,52,74,79,33,73
10/25/2014,64,73,true,31,11,77,75,64,51,15,27,62,35
06/26/2015,64,17,true,78,74,16,75,3,78,86,76,8,56
05/24/2015,11,24,false,4,69,53,33,62,54,90,93,8,11
03/08/2015,24,58,false,65,26,65,95,44,98,77,2,3,18
09/07/2014,16,16,true,45,53,16,21,17,5,98,25,99,10
12/04/2014,99,91,false,92,6,24,26,51,13,64,37,10,53
08/16/2014,23,11,false,81,76,57,33,73,15,39,38,78,8
07/28/2014,86,31,false,90,32,74,48,40,47,83,12,10,66
07/21/2014,97,28,false,2,90,37,29,73,86,39,45,41,8
07/13/2014,59,93,true,100,31,95,24,2,19,37,45,81,22
02/23/2015,63,55,false,81,13,13,96,54,90,23,32,91,6
01/31/2015,11,41,true,83,88,56,26,45,45,31,86,55,30
07/26/2014,19,92,false,4,77,13,97,10,95,49,11,44,29
03/07/2015,7,66,false,8,92,53,65,57,50,11,74,8,74
05/05/2015,76,30,false,86,91,82,89,10,4,90,34,45,82
01/03/2015,100,66,true,75,43,96,10,25,95,30,9,27,47
02/13/2015,54,89,true,86,23,75,52,5,15,88,53,28,59
04/14/2015,99,2,true,67,68,44,61,52,21,14,59,75,9
05/06/2015,49,48,false,9,95,51,83,80,52,13,43,32,72
10/04/2014,26,27,false,61,75,36,90,35,48,56,84,5,92
06/06/2014,16,77,false,79,90,24,49,34,77,28,63,50,16
11/08/2014,28,43,true,96,93,25,68,12,3,95,17,1,45
11/26/2014,98,19,false,57,96,96,6,77,49,15,87,72,28
09/22/2014,47,32,true,56,51,37,65,95,93,97,43,80,53
06/25/2015,93,91,false,49,91,2,10,59,2,5,39,67,6
02/19/2015,52,93,false,79,10,26,14,38,55,27,93,96,89
06/23/2014,16,58,true,28,90,20,52,54,61,7,77,18,82
02/20/2015,98,40,true,72,36,1,54,69,37,63,44,8,44
01/28/2015,51,44,false,59,54,94,19,80,56,90,80,51,13
08/05/2014,8,94,true,82,17,5,8,79,48,18,9,24,96
11/11/2014,29,13,false,25,17,5,69,28,73,75,49,43,8
07/31/2014,44,21,true,20,63,88,59,82,79,6,30,81,94
06/15/2014,18,87,false,56,77,57,80,23,2,45,94,81,16
09/13/2014,63,78,false,6,68,27,24,91,90,3,31,77,22
06/05/2015,73,45,false,45,11,95,11,7,25,38,41,39,21
03/21/2015,16,73,false,19,21,24,17,60,7,69,35,59,31
01/16/2015,50,68,true,37,66,89,48,65,48,25,29,89,20
02/17/2015,14,41,true,41,35,2,1,1,32,87,88,33,35
07/16/2014,69,76,true,53,97,44,69,52,100,50,26,24,93
11/13/2014,47,46,false,88,45,13,32,74,14,20,69,58,6
02/09/2015,87,80,false,20,72,75,28,15,21,20,4,70,89
06/20/2015,20,94,false,67,42,83,52,16,77,25,9,99,84
06/08/2014,15,1,false,49,18,49,47,82,96,33,90,79,11
01/06/2015,80,75,false,55,28,48,38,33,72,37,48,52,46
12/14/2014,84,65,false,60,29,80,6,76,80,75,11,89,94
07/24/2014,95,98,false,39,39,15,24,42,75,44,25,78,66
06/05/2015,25,96,true,48,73,46,5,86,67,20,44,16,27
01/21/2015,14,48,false,7,63,2,4,42,96,81,20,68,54
04/25/2015,76,69,false,5,7,76,24,37,19,62,66,89,64
08/05/2014,57,90,true,7,42,36,72,95,57,78,31,37,72
08/04/2014,97,12,false,77,11,5,80,45,13,58,30,44,70
02/16/2015,11,16,true,98,50,91,51,17,9,70,33,53,89
07/28/2014,77,3,false,66,49,25,51,31,27,27,91,24,65
10/31/2014,5,9,true,44,58,2,91,26,29,97,96,71,86
08/11/2014,37,35,true,10,83,68,21,36,87,38,84,61,9
01/27/2015,2,51,true,82,18,8,33,68,33,91,35,53,61
12/10/2014,3,9,true,35,3,100,22,17,80,33,69,12,37
06/26/2015,91,16,true,21,51,15,82,54,44,97,3,37,68
06/06/2014,99,68,false,9,68,60,36,57,2,77,71,10,26
05/19/2015,21,10,false,62,28,30,36,76,4,80,80,80,97
05/01/2015,13,28,true,77,91,58,1,48,77,72,81,37,61
07/28/2014,72,15,false,71,31,22,54,37,81,32,37,49,90
09/01/2014,91,25,false,38,97,95,74,70,43,13,76,4,68
10/04/2014,80,46,true,1,16,56,24,18,95,94,19,39,44
03/26/2015,24,83,true,58,22,28,68,71,75,54,10,1,7
05/08/2015,49,60,false,20,85,22,74,76,57,75,27,4,34
03/25/2015,18,56,true,56,8,79,47,28,27,51,57,54,52
04/07/2015,41,69,true,5,67,58,81,40,41,78,7,26,41
03/12/2015,77,92,false,11,97,69,88,24,54,18,7,52,21
07/09/2014,62,67,true,17,91,61,82,37,93,67,76,48,59
06/29/2014,13,78,false,19,51,63,65,99,9,51,6,89,45
08/14/2014,99,71,false,84,98,85,53,64,92,35,24,50,12
03/28/2015,90,25,true,62,100,16,90,14,93,40,6,37,12
01/09/2015,7,11,true,83,31,50,44,50,24,34,57,28,14
11/28/2014,6,23,false,40,39,99,94,83,43,25,56,41,7
03/09/2015,85,91,true,27,43,48,28,6,22,14,28,54,87
10/19/2014,52,89,false,14,59,79,29,76,26,4,80,57,34
07/01/2015,23,51,true,79,8,17,14,18,28,29,77,29,4
08/27/2014,9,99,false,87,24,37,65,48,73,88,61,98,90
06/13/2015,71,30,true,19,7,29,9,34,69,38,26,77,20
12/06/2014,15,65,false,7,96,15,5,18,59,75,2,65,23
02/13/2015,86,75,true,90,79,14,79,75,90,67,27,13,67
08/17/2014,18,60,true,44,17,71,42,14,21,41,27,51,2
05/30/2015,76,20,false,52,8,65,73,53,45,61,14,81,88
04/26/2015,99,28,true,10,48,20,18,82,72,89,11,79,14
11/11/2014,87,63,false,74,11,99,76,8,27,57,22,46,32
06/14/2015,36,71,false,29,54,80,43,75,8,64,97,68,10
06/05/2015,6,96,true,84,47,3,16,30,1,85,55,4,7
06/02/2015,59,31,true,66,20,14,51,64,20,22,93,58,39
03/02/2015,78,55,false,18,68,59,23,34,38,42,79,1,80
03/10/2015,91,12,true,89,14,66,80,37,45,89,15,85,42
05/05/2015,100,95,false,5,98,65,2,3,5,48,63,59,69
04/07/2015,11,8,true,81,99,33,59,84,96,78,14,87,83
02/08/2015,95,90,true,75,3,70,91,88,90,93,69,72,90
05/10/2015,85,73,false,43,85,76,75,55,88,1,71,64,62
09/22/2014,69,6,false,60,95,50,77,82,98,21,19,68,83
05/05/2015,43,73,false,56,79,29,32,24,64,20,81,95,39
10/03/2014,74,65,true,99,65,27,33,91,31,3,94,71,74
12/16/2014,71,68,true,64,9,15,2,68,7,85,53,21,13
12/26/2014,87,92,true,26,49,93,86,85,24,41,9,86,83
12/19/2014,58,96,true,65,49,96,41,1,79,88,6,87,50
01/08/2015,58,39,false,43,37,96,59,41,56,79,58,49,23
03/18/2015,23,1,true,27,73,74,25,84,7,25,80,24,79
06/13/2014,31,56,true,61,89,52,12,68,59,79,26,50,61
06/21/2014,72,99,false,90,90,74,6,39,60,89,89,90,3
09/18/2014,16,78,false,79,47,90,49,45,75,36,27,80,26
07/03/2015,23,13,true,50,70,26,99,61,60,19,24,77,59
11/05/2014,43,8,true,59,71,12,45,91,24,70,62,7,90
11/15/2014,100,18,false,49,92,40,65,48,72,97,57,85,85
08/27/2014,50,14,false,71,4,52,96,19,79,59,8,5,100
06/10/2015,53,47,true,98,45,13,52,22,72,1,54,51,53
03/16/2015,9,70,true,83,21,75,62,61,79,48,87,37,29
03/21/2015,17,73,true,31,21,52,39,90,50,10,92,98,96
12/25/2014,83,4,false,78,17,3,62,85,24,11,55,23,50
04/06/2015,27,81,false,30,12,23,31,3,36,27,98,11,95
02/25/2015,91,4,false,72,53,86,80,73,35,7,96,48,67
05/17/2015,77,85,true,77,51,83,57,61,51,76,75,78,42
12/09/2014,24,36,false,73,73,43,7,21,47,22,66,5,94
09/04/2014,44,87,true,34,4,13,80,76,53,27,19,87,77
08/10/2014,75,19,true,39,42,63,95,74,38,34,2,41,33
03/12/2015,81,32,true,36,72,18,40,99,40,61,18,20,16
02/19/2015,87,71,false,17,54,35,41,6,26,89,78,98,31
11/18/2014,75,30,false,11,35,81,87,73,56,84,99,82,33
10/09/2014,2,59,false,11,72,61,41,43,61,60,25,58,93
07/17/2014,94,75,false,80,67,98,67,30,90,49,17,53,11
08/07/2014,2,74,false,83,68,77,54,42,25,67,4,65,93
04/01/2015,12,58,false,24,81,25,28,34,28,92,25,50,76
05/06/2015,91,55,true,45,61,42,36,26,50,94,61,47,24
05/16/2015,51,42,true,100,16,15,53,90,7,88,31,89,3
06/04/2015,87,95,true,24,47,83,2,23,72,24,80,13,87
06/06/2015,19,11,true,27,49,35,31,35,48,59,53,88,73
04/15/2015,17,57,false,44,68,28,65,17,28,84,28,17,18
05/12/2015,68,45,false,65,14,7,41,100,21,27,70,37,39
04/12/2015,29,82,true,26,82,66,11,13,9,81,73,58,67
02/12/2015,97,16,true,83,12,2,77,87,73,5,98,65,54
09/22/2014,47,78,false,29,97,77,62,86,77,97,74,24,11
09/13/2014,71,39,false,56,35,92,46,72,38,88,53,56,98
10/06/2014,30,42,true,82,9,9,84,46,73,7,75,90,85
02/02/2015,81,86,false,46,93,56,59,92,97,29,76,20,85
11/13/2014,98,74,true,62,80,71,42,32,15,43,28,16,97
05/30/2015,4,28,false,97,81,87,3,29,32,21,41,29,30
06/08/2014,32,50,true,61,81,19,31,42,100,31,47,60,99
01/21/2015,79,84,false,23,55,82,77,4,8,61,80,20,90
12/06/2014,9,28,false,36,2,56,31,51,2,28,79,30,27
02/18/2015,1,80,false,30,70,60,81,25,79,44,16,62,2
06/21/2014,91,100,false,38,41,94,14,7,61,48,53,95,59
11/28/2014,24,23,true,66,7,67,21,77,13,49,16,84,18
11/02/2014,51,43,true,65,94,62,54,86,25,60,92,40,81
07/10/2014,43,48,false,53,9,94,48,77,90,8,39,25,80
03/14/2015,50,89,false,74,22,97,19,21,6,61,50,52,76
08/17/2014,89,28,false,40,33,81,36,40,83,21,99,34,56
08/30/2014,82,76,true,90,83,12,29,89,39,10,43,46,93
10/04/2014,39,29,false,74,48,72,57,83,89,34,35,68,61
12/22/2014,97,46,false,34,66,6,74,53,84,12,56,95,28
04/19/2015,32,69,true,2,7,66,21,77,29,78,69,92,84
03/17/2015,44,15,true,28,6,78,16,62,88,37,86,82,70
04/26/2015,5,75,false,78,75,23,73,49,16,54,23,80,99
05/11/2015,30,85,true,5,56,77,45,56,91,61,66,25,51
02/11/2015,66,75,false,84,97,35,85,28,26,66,13,35,86
10/19/2014,49,96,true,64,32,39,62,98,94,13,78,89,6
02/13/2015,22,75,false,12,88,82,79,8,46,92,44,23,48
12/27/2014,59,72,false,83,83,8,77,44,11,2,30,74,37
04/05/2015,39,90,false,96,5,95,78,97,96,13,53,15,93
04/11/2015,97,35,false,9,9,73,53,39,76,17,86,19,43
10/15/2014,91,3,true,43,16,42,67,25,24,53,57,50,58
05/19/2015,3,96,false,3,55,43,53,98,80,60,94,83,49
06/21/2015,27,64,false,85,21,47,62,99,58,35,21,6,66
11/12/2014,6,35,false,27,80,11,67,41,92,75,60,16,57
09/29/2014,99,9,false,88,79,55,33,34,12,91,11,14,33
03/31/2015,81,16,false,71,8,47,75,97,22,100,35,9,100
10/12/2014,55,40,true,73,45,48,60,88,79,85,59,76,89
04/18/2015,99,43,false,47,69,64,47,49,25,41,81,94,82
04/26/2015,47,61,false,99,26,27,13,66,89,23,79,100,71
04/12/2015,75,96,false,79,44,100,27,38,99,6,86,80,84
10/31/2014,45,32,true,51,75,63,30,35,1,15,26,9,98
04/14/2015,43,22,false,28,1,69,5,24,29,25,60,46,61
03/29/2015,82,13,true,4,32,41,76,26,99,16,22,32,48
04/11/2015,11,57,false,64,16,64,2,63,56,7,9,15,63
07/15/2014,95,20,false,40,26,80,31,25,62,6,10,70,35
06/07/2015,28,35,false,48,61,73,7,44,86,54,92,85,59
10/17/2014,75,7,true,9,78,93,95,52,30,3,39,62,91
09/29/2014,10,84,false,1,30,30,64,73,33,82,49,18,97
11/08/2014,54,42,true,42,85,99,2,92,88,78,18,77,85
04/02/2015,99,44,true,40,17,71,87,69,75,71,39,62,41
03/19/2015,95,38,true,11,18,26,63,96,4,50,20,24,90
04/03/2015,33,64,true,95,84,35,22,16,53,50,85,86,67
03/04/2015,9,14,true,39,1,94,70,34,38,69,16,52,98
01/20/2015,75,39,true,96,2,50,51,93,44,40,55,47,14
11/13/2014,43,75,true,98,79,14,85,40,54,52,24,87,49
12/23/2014,91,23,true,65,71,62,2,38,30,87,30,31,85
11/11/2014,60,53,true,54,16,10,82,56,41,100,43,92,58
07/01/2015,94,93,false,95,91,14,50,13,2,83,62,11,32
09/13/2014,30,76,false,1,11,18,84,96,29,79,97,14,71
05/10/2015,37,21,true,17,96,25,32,2,9,89,13,39,67
01/22/2015,61,54,true,34,47,89,9,88,94,15,73,86,50
10/05/2014,60,27,false,47,68,64,97,54,43,27,8,50,81
01/09/2015,96,67,false,83,21,98,9,35,9,42,92,93,37
10/11/2014,59,32,false,98,7,45,28,73,89,66,84,14,35
11/02/2014,92,97,false,34,21,60,26,21,81,74,47,49,36
05/10/2015,50,28,false,47,59,20,35,84,4,8,95,76,77
04/29/2015,71,61,true,88,61,80,14,97,17,94,92,48,89
09/24/2014,12,10,true,77,69,79,57,51,16,91,18,19,80
08/31/2014,82,34,false,23,94,50,30,85,98,69,73,37,2
06/13/2015,66,28,true,25,13,88,25,65,20,11,86,56,88
03/04/2015,75,67,true,21,17,36,16,14,6,43,25,95,87
12/13/2014,98,72,false,97,93,3,58,77,23,69,1,12,13
06/05/2015,25,6,false,99,75,73,94,93,59,62,28,64,9
07/22/2014,18,46,false,12,4,14,57,12,52,4,55,1,37
05/14/2015,44,39,false,22,66,9,11,14,83,38,90,21,74
12/07/2014,61,64,false,71,4,63,46,4,9,63,96,49,43
02/17/2015,7,83,false,1,31,3,44,1,6,86,59,74,53
04/01/2015,19,100,true,23,52,11,49,85,55,2,26,91,85
09/29/2014,50,89,false,71,82,89,11,32,63,100,88,66,30
02/25/2015,1,80,true,32,78,31,31,55,39,37,57,100,63
12/24/2014,40,84,false,83,69,82,67,81,77,41,28,7,30
02/25/2015,98,29,false,92,33,18,15,14,90,64,9,59,2
06/16/2015,35,96,false,60,14,4,73,53,45,48,15,56,32
10/01/2014,78,18,false,97,90,91,60,46,10,16,14,66,12
06/03/2014,19,92,false,15,56,71,98,57,24,65,62,86,39
01/02/2015,45,68,true,69,35,81,44,93,98,16,68,50,34
11/08/2014,88,80,true,15,61,28,62,94,14,34,22,82,90
08/13/2014,34,51,true,52,58,50,76,11,45,19,67,69,44
08/17/2014,73,67,true,34,88,55,27,11,96,56,11,100,60
07/03/2014,82,95,false,94,11,87,87,30,81,32,27,20,84
01/29/2015,90,17,true,66,73,94,30,13,90,31,79,43,89
01/24/2015,8,46,true,10,36,46,72,33,7,90,51,71,64
04/01/2015,99,71,true,34,76,77,43,50,38,55,34,95,97
10/05/2014,8,90,true,82,84,48,69,34,64,71,97,33,35
10/11/2014,30,95,true,34,8,16,27,71,95,49,23,62,5
02/13/2015,13,2,false,99,83,24,93,70,18,89,84,14,58
12/11/2014,55,85,true,40,87,38,100,74,23,51,50,4,73
04/10/2015,56,7,true,83,77,100,51,29,100,100,81,74,60
03/07/2015,74,72,true,24,61,84,28,98,35,22,26,58,79
01/13/2015,84,86,true,51,64,33,8,5,42,30,34,69,43
01/20/2015,75,15,true,73,62,28,3,16,7,92,80,10,80
05/15/2015,81,72,false,80,7,83,89,11,5,56,92,24,76
03/29/2015,36,82,false,57,15,69,29,20,26,56,47,66,39
01/18/2015,44,56,true,32,17,30,42,67,13,48,90,14,93
09/14/2014,58,99,true,84,71,67,51,25,79,57,28,9,69
03/23/2015,84,27,true,5,68,37,6,5,2,24,90,58,30
05/15/2015,1,19,true,90,22,78,57,100,14,3,81,22,6
06/01/2014,15,93,false,16,69,32,44,8,41,95,24,14,17
09/01/2014,54,11,false,66,31,67,85,31,23,87,42,84,14
06/10/2014,64,85,true,14,56,63,13,31,72,85,96,81,14
12/17/2014,26,27,true,5,74,20,79,98,89,94,45,92,43
10/19/2014,32,10,false,68,62,45,81,43,75,92,33,11,10
10/28/2014,6,18,true,76,2,79,42,22,91,86,71,38,43
06/29/2015,96,19,false,40,47,24,86,17,34,94,7,87,97
11/30/2014,62,37,false,11,100,99,77,23,17,14,74,9,35
08/17/2014,81,97,false,89,33,19,30,19,84,91,96,8,98
11/28/2014,86,48,false,24,49,71,23,4,20,60,22,85,90
08/11/2014,47,77,false,95,94,19,86,18,98,90,52,17,54
10/07/2014,3,79,true,38,28,75,67,58,11,46,34,11,79
04/12/2015,87,98,false,35,25,31,46,13,73,40,85,87,27
03/25/2015,69,69,false,74,96,42,22,21,13,66,6,34,76
06/17/2014,4,91,false,40,27,63,18,16,50,49,7,41,44
05/14/2015,33,23,false,7,63,92,2,45,43,56,91,83,55
10/29/2014,6,75,false,100,27,95,74,92,63,79,60,54,3
08/04/2014,45,84,true,97,89,5,52,9,50,81,13,86,95
08/31/2014,79,22,false,84,33,34,33,3,60,9,47,97,45
03/28/2015,58,8,true,52,92,98,58,35,47,37,37,8,73
01/03/2015,99,2,false,2,22,80,87,76,7,28,92,69,82
06/02/2014,82,66,false,72,99,29,13,68,78,35,58,62,81
08/05/2014,82,39,false,74,69,16,56,95,100,87,94,76,8
03/10/2015,8,23,true,87,95,84,8,19,34,72,2,1,88
02/19/2015,71,64,false,1,38,18,12,37,71,93,22,74,24
08/19/2014,23,6,false,72,93,77,49,36,10,33,85,62,86
09/29/2014,84,54,false,33,50,53,59,92,98,24,59,23,79
10/18/2014,94,21,true,85,25,6,6,5,43,55,31,88,45
10/22/2014,50,24,false,34,33,96,43,19,36,100,93,100,41
07/18/2014,19,42,false,36,43,84,40,56,32,3,62,69,26
10/21/2014,71,67,false,7,75,46,17,29,19,3,28,94,51
01/03/2015,9,23,false,33,18,8,73,73,15,91,69,82,35
07/06/2014,35,53,false,45,36,82,36,95,49,71,16,70,44
01/19/2015,26,66,false,19,30,91,34,22,37,92,55,16,59
01/18/2015,71,14,true,40,68,57,18,27,21,13,21,12,74
02/07/2015,71,39,true,77,99,56,93,98,42,64,68,62,14
03/14/2015,3,99,true,68,66,44,4,47,78,64,55,70,70
03/16/2015,83,37,true,91,79,76,70,36,83,68,29,84,18
10/20/2014,16,60,false,47,37,17,30,68,28,81,26,95,52
11/30/2014,62,15,false,72,38,17,97,78,25,45,11,31,35
03/04/2015,72,26,false,69,75,5,40,73,1,50,8,64,98
04/20/2015,80,64,true,95,20,11,61,1,66,5,24,47,82
05/30/2015,32,11,true,46,1,21,76,32,74,34,56,29,52
06/01/2014,13,56,false,31,23,90,48,38,59,84,35,73,89
02/24/2015,27,72,true,49,62,44,74,50,34,1,69,65,74
05/26/2015,65,9,false,26,76,14,93,52,39,94,93,82,58
05/26/2015,25,58,true,78,46,1,34,77,38,86,39,32,37
03/04/2015,70,47,true,62,13,59,76,76,2,93,30,25,52
09/22/2014,17,97,false,18,66,55,68,98,44,15,81,90,87
11/08/2014,28,37,true,45,47,44,95,17,95,42,42,25,29
09/19/2014,7,85,true,9,73,73,27,60,13,63,96,12,66
07/02/2015,94,41,true,13,68,97,2,42,54,92,80,57,49
01/05/2015,20,42,false,36,95,89,93,91,78,57,98,58,64
12/30/2014,75,16,false,63,13,39,7,12,36,12,94,23,73
07/24/2014,79,61,false,43,54,87,61,54,41,67,46,50,66
06/26/2015,30,96,false,95,57,92,59,13,52,46,45,27,25
06/11/2015,1,78,false,74,99,59,50,97,34,69,29,81,25
02/24/2015,57,5,false,86,83,4,89,43,30,45,3,19,66
07/10/2014,37,36,true,13,36,97,55,97,4,91,22,54,70
03/03/2015,3,3,true,16,8,46,93,62,86,65,51,16,26
01/18/2015,35,48,false,71,51,27,95,80,93,77,43,37,26
02/05/2015,43,1,false,15,13,21,44,62,71,58,26,52,8
08/04/2014,81,20,false,1,18,12,45,8,59,66,65,100,67
01/09/2015,72,1,false,54,15,32,16,43,41,76,45,77,47
01/23/2015,91,46,true,51,78,52,55,21,35,66,61,75,47
06/06/2014,84,47,true,60,32,44,48,39,26,44,41,42,9
07/03/2014,6,46,true,19,63,1,63,13,83,48,82,30,34
11/30/2014,56,9,false,94,27,77,15,22,37,65,63,97,75
10/31/2014,13,52,false,64,90,71,17,67,63,49,2,74,87
08/11/2014,91,73,true,13,42,38,85,84,47,52,82,82,26
12/31/2014,46,73,false,54,46,69,34,84,19,95,32,42,96
08/31/2014,26,12,true,83,72,97,59,24,81,11,19,49,29
01/08/2015,98,72,true,69,59,16,93,34,40,27,10,79,90
12/09/2014,91,88,false,21,99,1,58,3,63,80,92,71,93
10/08/2014,62,39,false,87,75,39,16,68,21,96,80,4,100
12/04/2014,14,7,false,80,97,46,67,12,33,88,91,22,42
12/15/2014,35,91,true,39,47,70,42,3,40,43,79,13,16
05/26/2015,66,48,true,40,24,20,14,22,63,97,1,17,12
05/19/2015,12,39,true,35,42,18,97,2,61,53,37,57,42
06/29/2015,54,93,false,6,59,36,58,57,51,35,49,6,27
09/07/2014,3,15,true,100,20,2,48,63,49,22,59,15,74
09/25/2014,25,30,false,95,74,93,39,91,45,26,2,89,92
02/07/2015,37,15,true,17,46,3,56,9,88,3,1,6,64
04/08/2015,65,29,true,73,61,89,18,35,100,44,56,98,28
10/13/2014,31,27,true,23,54,76,8,78,11,50,48,98,56
05/14/2015,62,27,true,96,93,40,14,89,90,67,10,3,85
06/13/2015,37,41,true,75,9,73,66,45,55,83,87,58,86
01/25/2015,18,38,false,32,31,78,32,66,38,8,93,59,78
11/29/2014,39,14,false,77,80,94,16,89,71,86,74,54,49
10/13/2014,87,54,true,85,42,62,63,81,59,76,23,35,44
07/31/2014,63,35,true,97,32,26,67,10,75,16,53,36,66
08/03/2014,97,80,false,45,32,15,66,50,100,16,38,2,80
11/29/2014,10,36,false,88,90,67,51,47,83,42,3,52,47
12/13/2014,27,40,false,15,2,21,43,96,10,97,92,34,31
07/30/2014,61,15,false,82,46,46,74,38,78,100,48,2,16
03/16/2015,60,16,true,81,90,12,44,95,55,69,28,27,69
10/03/2014,51,31,false,47,64,20,51,54,13,87,36,21,74
10/27/2014,38,67,true,11,34,3,84,12,52,86,1,77,12
09/28/2014,98,57,true,42,33,72,26,78,90,22,83,30,41
11/25/2014,44,89,true,93,66,14,7,37,67,50,97,22,54
03/19/2015,41,59,true,96,96,18,38,69,29,38,59,68,30
09/11/2014,15,96,false,69,10,4,56,48,46,86,97,28,11
11/07/2014,52,9,false,12,97,40,14,39,2,20,48,15,32
02/16/2015,82,15,false,23,81,81,69,17,94,82,19,28,69
09/12/2014,77,78,false,71,57,37,20,18,24,1,52,61,86
11/26/2014,84,97,true,97,73,84,72,50,59,54,84,19,8
07/09/2014,15,41,false,33,53,83,70,98,29,100,99,23,94
06/19/2014,24,28,true,85,8,30,3,29,52,18,12,79,67
04/04/2015,42,11,false,26,84,99,99,97,63,36,43,99,55
12/16/2014,26,30,true,23,54,82,87,23,84,1,45,96,64
04/22/2015,51,28,false,51,11,72,65,6,70,85,77,48,62
10/22/2014,37,23,false,95,30,30,90,36,72,67,26,44,33
04/26/2015,67,69,true,4,94,49,22,4,40,45,47,83,21
08/30/2014,87,37,true,31,12,96,50,64,61,60,85,87,44
02/27/2015,44,87,false,97,85,94,49,19,29,62,92,38,98
07/24/2014,92,20,true,49,44,70,2,84,93,43,94,33,52
05/31/2015,39,88,false,22,65,14,25,78,6,64,43,84,37
12/26/2014,30,42,true,86,63,10,33,19,5,93,30,50,56
05/05/2015,54,92,false,50,38,68,71,86,11,86,90,17,99
01/11/2015,52,30,false,62,49,9,59,6,7,10,9,100,88
06/03/2015,65,27,false,47,47,10,53,53,43,72,99,81,25
12/29/2014,60,46,true,67,62,77,35,58,20,16,88,34,49
04/29/2015,70,19,false,46,86,36,11,71,61,60,33,31,97
11/24/2014,74,18,true,32,31,5,23,48,19,72,46,35,31
12/01/2014,30,41,false,89,82,68,39,88,99,7,51,9,92
07/01/2015,91,45,false,24,11,4,91,94,21,60,29,60,81
02/01/2015,75,38,false,77,78,18,87,50,84,86,75,87,72
04/19/2015,67,49,true,53,56,97,19,31,74,13,10,78,30
11/23/2014,94,5,true,81,79,80,53,87,42,48,31,94,86
11/04/2014,22,18,false,14,13,20,43,41,19,6,72,8,91
12/26/2014,18,20,false,95,56,96,37,69,49,35,12,42,40
07/05/2014,60,61,false,30,17,6,57,53,73,47,91,57,36
08/24/2014,37,63,true,91,16,12,10,87,34,89,64,48,9
12/06/2014,80,82,true,34,97,27,65,75,17,66,32,2,84
10/22/2014,68,32,false,12,29,59,12,48,65,53,90,20,29
11/24/2014,71,15,true,80,100,14,69,61,26,3,69,26,82
12/03/2014,40,61,true,86,99,70,3,76,50,10,11,60,87
04/20/2015,3,34,false,82,96,64,64,58,17,57,78,70,47
04/27/2015,3,44,true,22,18,55,92,1,43,41,28,37,73
06/18/2014,54,14,false,61,21,23,41,47,52,16,66,68,18
11/02/2014,75,8,true,10,68,62,37,55,57,52,70,81,57
11/12/2014,13,44,true,17,40,55,84,31,47,61,25,49,89
05/10/2015,100,12,false,54,51,18,49,67,64,100,32,83,8
10/30/2014,65,72,true,42,57,25,96,23,2,89,71,90,19
05/12/2015,50,86,false,15,13,62,81,5,48,8,45,38,60
01/04/2015,52,90,false,87,61,84,6,60,30,47,78,47,82
06/11/2015,65,78,false,42,38,31,10,95,64,18,93,32,1
03/08/2015,93,39,true,91,22,87,64,18,43,49,55,61,29
02/21/2015,79,24,true,64,81,74,25,81,65,59,67,87,44
11/30/2014,24,66,false,54,40,92,12,5,25,78,26,35,18
07/24/2014,75,7,true,95,49,32,37,46,28,90,9,29,82
09/28/2014,12,38,true,37,100,97,96,13,85,4,8,38,18
11/05/2014,79,98,false,85,95,18,1,61,38,61,10,69,6
02/26/2015,84,62,true,11,29,70,48,80,87,47,86,99,26
11/04/2014,81,60,true,90,81,18,77,38,72,15,30,83,56
06/03/2015,28,66,false,70,92,31,71,91,7,90,71,71,100
08/10/2014,96,12,false,39,66,91,34,83,22,11,89,79,88
02/22/2015,88,22,false,80,39,51,5,36,78,81,42,12,77
12/27/2014,66,40,false,27,63,29,92,87,29,22,6,55,3
06/04/2014,62,63,false,60,93,36,5,40,34,43,59,62,85
03/04/2015,6,49,true,64,46,33,21,8,27,84,73,76,56
01/09/2015,91,39,false,45,16,99,89,98,24,42,36,24,51
11/17/2014,30,36,true,26,84,54,3,74,63,61,51,1,5
09/27/2014,26,35,false,89,15,45,74,35,31,35,76,95,89
03/05/2015,92,18,false,30,96,64,20,24,87,40,20,86,46
06/18/2014,87,74,true,40,25,24,66,59,56,41,58,63,88
09/10/2014,41,41,true,52,23,21,30,81,93,7,67,2,90
06/02/2015,83,98,false,91,89,45,2,79,26,54,17,21,57
02/14/2015,35,96,false,39,30,51,62,8,29,96,71,69,4
04/11/2015,9,44,true,24,74,41,82,69,70,46,59,88,16
09/21/2014,9,41,true,77,34,62,61,38,75,24,43,20,38
07/22/2014,57,27,true,91,22,94,92,45,24,88,1,42,67
11/04/2014,49,4,true,5,79,67,37,26,26,8,53,87,24
12/26/2014,49,92,true,7,52,50,96,100,51,20,9,62,79
08/27/2014,35,2,false,58,37,59,58,91,30,39,34,58,70
04/14/2015,77,98,false,51,50,18,40,39,78,28,99,4,23
08/27/2014,39,85,false,72,40,7,1,58,69,15,28,44,3
05/12/2015,26,13,true,62,70,31,31,57,43,86,30,80,53
08/05/2014,33,58,false,53,17,87,14,28,47,44,98,62,4
06/13/2014,72,18,true,10,49,99,85,55,47,9,67,52,93
12/30/2014,65,84,false,16,7,20,9,55,42,73,39,66,97
06/20/2015,7,44,true,61,87,66,25,80,78,67,21,45,44
06/15/2015,46,85,false,34,42,39,75,26,81,57,51,39,6
06/04/2015,99,85,false,66,27,21,32,50,26,58,37,21,67
09/28/2014,68,28,false,36,15,31,100,71,54,89,57,53,21
02/10/2015,89,78,true,29,57,32,96,27,19,36,92,33,10
01/08/2015,27,2,true,89,4,84,66,85,22,31,7,93,95
09/11/2014,75,84,false,79,96,85,69,11,98,8,67,78,46
10/13/2014,39,84,true,75,79,95,91,74,36,90,63,65,11
08/09/2014,45,16,false,42,17,39,55,12,99,54,93,14,15
05/19/2015,77,100,false,7,14,60,35,35,76,67,51,63,70
03/18/2015,99,54,true,36,57,23,62,82,97,19,77,35,10
04/04/2015,38,76,true,40,32,31,43,92,20,39,82,76,46
09/06/2014,54,25,true,68,90,91,57,72,57,5,58,78,26
08/30/2014,1,48,false,28,83,60,58,90,75,100,83,80,1
12/23/2014,86,100,true,16,63,62,49,3,31,10,77,7,40
05/09/2015,38,59,true,31,53,75,8,33,45,28,23,90,51
08/01/2014,54,70,false,87,49,59,90,71,100,8,76,48,74
05/10/2015,94,7,true,61,16,44,67,21,54,15,80,76,72
01/22/2015,50,68,true,64,73,97,99,12,38,98,90,80,98
01/22/2015,33,91,false,90,33,44,71,96,5,76,58,79,68
11/13/2014,10,89,true,37,77,3,27,37,21,77,27,82,59
03/20/2015,36,22,true,2,60,41,60,89,16,1,97,1,23
07/30/2014,43,60,false,40,44,20,19,46,6,59,98,54,46
09/05/2014,39,21,false,24,82,74,64,29,95,35,87,5,44
12/07/2014,25,46,false,34,96,89,45,2,74,2,49,32,50
05/20/2015,15,98,false,78,16,93,94,85,51,63,17,15,83
11/28/2014,83,48,false,26,94,6,14,46,34,25,38,79,25
06/05/2015,43,78,false,35,33,39,57,89,49,83,55,59,47
05/16/2015,55,31,false,78,4,54,86,37,96,31,64,65,93
07/06/2014,60,44,false,11,34,5,43,71,22,99,95,80,9
10/14/2014,81,40,false,15,94,29,21,39,77,50,85,66,91
01/29/2015,44,13,true,26,38,15,74,68,65,53,93,46,23
09/13/2014,65,52,true,86,25,23,11,18,44,90,87,32,96
02/24/2015,71,6,false,15,41,36,57,13,74,64,60,15,19
08/03/2014,56,66,false,89,42,75,86,74,2,66,36,8,2
01/29/2015,100,26,true,98,30,63,97,47,24,76,71,42,39
02/09/2015,83,3,true,52,94,16,95,29,38,78,20,94,40
07/05/2014,50,21,true,49,52,39,37,61,63,52,25,66,39
03/10/2015,95,37,true,28,70,81,99,4,65,45,85,2,41
06/02/2014,82,25,false,6,25,37,100,91,51,67,50,23,40
06/06/2014,5,29,false,42,76,19,51,99,63,78,73,5,15
05/06/2015,72,25,true,30,84,73,60,16,92,72,25,85,65
04/26/2015,88,63,false,15,91,50,84,33,18,17,43,48,13
10/26/2014,23,93,false,18,73,12,56,26,27,83,41,29,2
02/28/2015,33,74,false,53,88,97,99,94,1,35,18,41,15
10/26/2014,28,87,false,93,64,79,1,63,75,19,91,14,70
04/20/2015,56,26,true,70,32,3,35,22,73,81,80,48,8
10/11/2014,53,94,false,4,20,12,68,77,66,65,96,17,4
06/22/2015,29,26,false,40,58,63,86,9,2,85,21,2,70
07/11/2014,79,83,false,63,68,61,28,83,19,50,25,80,16
01/24/2015,62,86,true,52,61,26,63,98,85,15,14,44,73
06/11/2014,57,44,true,74,75,23,36,58,14,37,15,9,16
08/21/2014,2,34,true,5,51,84,40,89,61,96,55,54,62
11/18/2014,70,70,true,49,21,4,22,69,46,24,88,32,80
06/10/2015,13,12,false,89,93,40,46,40,37,63,33,93,59
04/12/2015,93,68,true,68,91,64,40,18,31,47,52,7,24
06/10/2014,78,96,true,24,97,86,39,54,45,4,59,54,87
07/03/2015,89,78,false,51,25,95,76,20,89,22,20,95,5
07/22/2014,94,95,false,59,46,43,39,4,29,15,96,59,39
01/29/2015,24,37,true,44,73,56,57,94,3,42,49,9,48
07/19/2014,90,7,false,99,75,97,69,82,73,84,33,95,11
04/22/2015,81,100,true,29,73,9,48,24,28,34,88,53,12
11/27/2014,85,60,true,43,56,67,50,41,12,54,41,66,34
07/31/2014,59,63,true,87,43,25,52,99,47,97,46,77,12
12/03/2014,66,67,true,76,76,65,83,35,64,21,60,86,55
02/04/2015,34,13,true,17,2,89,63,27,72,22,13,40,45
02/19/2015,34,93,false,53,36,16,88,88,5,14,93,26,25
01/01/2015,86,100,false,65,95,87,71,33,23,20,17,89,61
11/29/2014,88,77,true,69,17,99,41,68,90,41,45,100,54
02/17/2015,86,27,false,96,24,25,72,14,37,3,6,44,54
07/19/2014,89,25,true,87,91,54,69,27,86,80,80,10,75
11/09/2014,47,73,false,100,23,37,13,69,18,23,65,84,50
09/15/2014,59,39,true,14,93,38,68,7,85,43,3,82,30
03/26/2015,71,18,false,5,79,27,70,49,43,21,80,100,31
08/05/2014,38,43,false,17,71,47,13,5,45,60,98,75,22
06/17/2015,52,92,true,75,62,8,67,13,35,13,34,59,35
06/20/2014,8,69,false,33,38,29,14,22,34,18,49,70,18
02/17/2015,52,72,true,41,94,57,67,91,15,16,98,52,87
10/07/2014,90,41,true,60,4,34,64,60,51,38,34,88,90
06/16/2014,21,22,false,35,15,3,51,34,90,34,82,28,61
12/30/2014,88,2,false,23,70,68,94,69,30,15,41,11,47
07/11/2014,5,47,true,15,1,70,34,16,93,90,79,78,15
09/12/2014,28,56,true,3,22,71,90,41,85,8,99,18,35
08/03/2014,61,12,true,23,94,19,92,35,82,12,96,9,23
01/12/2015,60,93,true,24,70,56,39,20,51,96,62,41,31
04/02/2015,80,95,true,67,14,52,53,88,19,37,11,61,98
08/30/2014,82,91,true,41,8,21,81,62,52,3,49,16,66
12/14/2014,2,71,true,23,79,83,16,86,97,1,93,63,21
03/31/2015,93,16,true,4,90,9,11,16,34,77,1,7,49
07/12/2014,84,49,true,64,16,19,22,60,22,93,80,38,62
09/03/2014,65,55,true,44,33,88,85,5,55,99,8,2,17
05/10/2015,77,36,false,12,64,21,33,93,54,66,65,99,25
09/16/2014,91,86,true,65,1,51,10,5,100,13,19,34,25
10/28/2014,20,19,true,26,35,28,37,84,30,39,100,33,71
04/02/2015,28,71,false,50,34,3,81,58,61,20,27,9,16
05/08/2015,59,30,true,100,88,65,65,81,84,48,83,43,48
06/21/2014,75,85,false,79,70,51,23,77,3,97,48,48,23
05/23/2015,43,29,true,73,70,64,36,71,80,84,60,80,14
06/28/2015,37,50,true,41,81,22,20,90,84,42,62,41,27
12/31/2014,53,69,false,85,90,54,81,85,93,33,94,83,81
06/06/2015,23,88,true,91,66,83,80,55,51,59,26,33,74
11/19/2014,99,42,false,78,55,7,8,56,65,18,16,33,94
06/26/2015,88,1,false,71,74,37,89,20,57,40,86,33,44
07/07/2014,17,36,false,17,2,30,65,74,92,98,70,26,50
04/24/2015,43,44,false,18,96,1,34,70,66,90,88,84,42
09/03/2014,64,57,false,39,75,24,39,39,92,36,69,47,41
10/02/2014,59,78,false,61,69,90,12,43,11,63,67,50,17
12/08/2014,46,11,true,88,95,90,75,89,62,18,40,68,7
01/21/2015,72,87,false,35,20,96,50,62,40,59,56,91,50
06/13/2015,98,64,false,40,99,74,44,85,71,21,37,29,77
01/11/2015,9,72,false,89,59,27,52,8,96,17,85,29,90
10/18/2014,52,6,false,100,96,64,96,17,19,60,37,72,63
05/24/2015,40,24,true,70,92,9,84,72,60,100,93,49,48
08/15/2014,70,10,false,57,10,49,87,83,90,91,36,68,58
02/20/2015,62,8,false,32,83,20,36,6,90,41,52,86,19
11/07/2014,87,42,true,83,19,42,72,70,95,28,54,85,5
09/18/2014,94,81,true,63,50,38,42,35,93,59,64,33,48
04/24/2015,51,22,true,57,8,50,31,46,89,47,75,11,15
08/20/2014,66,62,true,11,18,87,29,36,9,60,41,18,100
10/16/2014,98,16,true,75,19,6,47,31,30,53,13,16,24
11/12/2014,76,87,false,19,75,5,98,98,75,80,86,100,94
01/01/2015,49,39,true,41,4,21,4,29,10,50,51,34,6
05/20/2015,39,76,true,64,45,25,60,91,17,73,40,7,77
08/24/2014,65,15,false,10,19,65,25,89,73,55,65,26,10
04/08/2015,8,94,true,22,72,51,9,73,92,4,15,9,62
12/09/2014,18,82,false,13,91,85,23,2,55,78,82,14,97
08/18/2014,34,59,true,3,100,58,74,87,88,98,24,3,58
07/03/2015,92,100,true,66,16,85,77,52,92,63,70,23,18
05/20/2015,26,57,true,78,48,91,35,53,36,26,23,27,86
01/15/2015,92,30,false,10,79,47,9,41,98,28,97,53,48
10/24/2014,3,76,false,51,68,47,91,87,10,26,65,49,7
09/07/2014,98,73,true,63,25,98,36,46,56,36,46,97,77
11/22/2014,56,74,false,81,51,39,39,10,7,33,58,11,38
05/22/2015,34,44,true,48,1,68,36,26,24,28,92,14,76
04/17/2015,12,34,true,88,66,8,72,83,86,67,73,54,58
02/15/2015,81,72,true,42,6,77,34,31,64,67,4,7,51
01/08/2015,83,10,true,58,69,46,13,49,22,60,55,91,21
01/02/2015,84,30,false,6,30,69,85,7,95,31,83,14,37
09/28/2014,38,71,true,4,12,61,65,98,16,84,38,39,14
04/17/2015,88,20,false,67,25,37,7,44,62,75,100,67,65
10/20/2014,37,49,true,29,25,60,1,74,97,80,49,29,35
06/19/2015,36,63,true,41,70,10,58,16,45,64,32,14,36
07/11/2014,73,31,false,51,39,21,39,3,66,22,64,65,54
02/02/2015,58,81,false,54,5,77,82,44,78,87,19,90,32
07/23/2014,80,66,true,60,18,63,44,83,52,64,66,10,87
08/03/2014,99,33,false,49,35,17,84,99,2,40,6,98,10
11/10/2014,20,36,false,92,57,15,44,61,36,85,57,60,90
10/22/2014,36,91,true,11,4,5,90,62,29,30,67,40,82
03/02/2015,54,27,true,84,59,83,46,20,32,48,94,38,60
03/30/2015,94,64,false,67,83,62,69,30,70,1,12,90,47
06/06/2014,14,50,true,32,4,72,67,73,9,13,5,52,67
06/30/2014,21,78,false,49,83,36,47,78,84,41,65,8,26
04/10/2015,67,89,false,32,69,92,35,3,67,4,94,51,80
04/10/2015,82,7,true,68,2,100,92,60,66,88,13,74,12
10/11/2014,52,80,false,5,94,10,70,65,87,72,15,35,84
06/05/2014,32,97,true,57,72,45,23,28,41,100,47,79,46
09/26/2014,77,19,true,29,37,50,72,44,17,74,54,27,36
06/18/2015,57,32,false,98,42,8,22,65,85,12,61,57,23
10/16/2014,68,89,true,47,89,78,83,79,63,66,37,94,35
03/29/2015,40,28,false,36,56,43,40,47,72,68,7,98,41
08/01/2014,42,73,false,93,55,44,67,7,11,48,74,100,99
10/10/2014,74,26,true,87,44,26,35,3,45,11,18,26,21
01/08/2015,73,62,true,38,11,9,25,60,98,30,5,92,6
10/28/2014,45,64,true,27,54,44,98,80,84,23,23,28,16
01/18/2015,63,2,false,55,17,8,69,84,20,78,74,76,1
12/13/2014,1,25,true,54,66,28,21,45,82,39,45,63,100
04/21/2015,91,26,false,32,22,79,98,80,44,28,48,94,64
07/21/2014,16,63,false,74,29,67,33,46,26,18,70,43,1
04/09/2015,80,58,true,96,74,54,87,79,11,55,9,83,24
07/18/2014,16,94,true,62,45,54,80,30,83,60,40,68,84
06/13/2015,8,90,false,8,36,89,99,19,91,80,82,1,72
06/12/2015,40,16,true,90,74,89,68,10,28,49,59,95,56
10/23/2014,85,54,false,60,18,68,41,97,20,53,56,73,29
10/20/2014,52,23,false,30,92,14,87,99,37,68,84,17,50
06/12/2015,17,48,true,18,43,56,36,33,54,92,28,99,9
03/12/2015,27,80,true,72,29,19,80,60,4,10,90,37,77
03/05/2015,76,87,true,25,95,68,52,18,10,68,63,41,65
11/24/2014,60,7,true,23,7,92,18,33,30,93,58,95,52
03/27/2015,64,99,true,79,24,83,54,43,54,65,17,64,59
07/12/2014,96,54,false,6,64,26,53,87,72,47,66,23,81
06/20/2015,69,30,false,20,27,43,74,24,23,40,4,92,16
03/22/2015,45,30,true,90,89,95,3,10,95,4,96,1,71
07/26/2014,36,50,false,80,72,10,78,61,36,41,63,24,100
01/03/2015,65,54,false,69,52,29,8,33,32,93,26,16,19
06/28/2015,30,73,true,91,39,46,29,15,30,33,12,5,58
03/11/2015,22,41,false,77,84,9,3,36,89,54,5,17,66
05/12/2015,78,18,true,37,96,48,11,3,20,66,27,49,18
10/04/2014,45,42,true,74,20,55,23,53,56,5,81,12,53
12/02/2014,76,42,true,33,34,5,71,38,92,87,56,2,100
12/05/2014,69,90,false,76,48,34,30,61,56,85,89,40,40
05/01/2015,77,23,false,22,96,17,35,63,13,45,32,82,3
01/28/2015,69,97,false,41,17,10,6,17,82,30,63,98,59
03/14/2015,77,2,true,82,67,72,49,82,41,8,52,56,24
09/17/2014,17,8,true,86,50,2,20,60,30,25,12,93,84
04/20/2015,93,5,true,15,54,64,35,49,87,28,34,47,27
07/23/2014,100,78,false,39,68,95,76,26,47,94,36,64,19
06/14/2014,29,92,false,82,17,82,53,76,54,97,84,57,23
08/06/2014,27,70,true,83,18,55,82,80,93,32,33,32,85
03/13/2015,43,20,true,7,99,93,85,3,90,78,71,35,76
05/07/2015,10,15,true,41,43,45,33,33,68,20,85,87,32
10/23/2014,25,20,false,92,67,80,73,56,22,46,89,71,4
08/24/2014,15,30,false,80,52,17,96,51,71,75,62,49,51
10/13/2014,84,67,true,64,24,5,89,33,53,61,6,12,45
10/22/2014,94,3,false,82,79,12,67,32,72,19,23,20,22
07/10/2014,19,41,true,45,10,9,44,87,40,27,69,11,56
03/25/2015,24,96,true,49,75,97,31,93,98,26,9,91,28
09/04/2014,33,62,true,11,21,21,39,57,83,19,2,91,26
09/05/2014,33,57,false,59,11,33,49,9,94,11,15,40,53
01/06/2015,13,12,false,5,29,58,61,56,80,42,89,10,99
10/05/2014,87,25,true,60,79,26,75,11,90,57,74,23,56
11/21/2014,36,27,false,6,27,34,86,76,97,19,73,43,34
09/01/2014,5,62,false,36,3,93,75,99,13,74,19,14,62
11/16/2014,24,85,true,85,10,83,9,24,90,81,49,24,34
02/26/2015,9,34,false,27,32,85,29,30,63,45,100,64,71
06/22/2014,43,98,true,63,36,59,14,87,8,60,53,83,71
06/12/2015,65,86,false,30,93,98,89,13,100,23,81,12,87
06/14/2015,47,55,false,53,29,63,8,72,20,18,22,33,68
06/06/2015,25,53,false,36,48,48,67,60,85,26,86,47,21
06/14/2014,22,40,false,95,41,23,66,74,8,9,77,86,95
06/20/2014,14,58,true,78,90,45,2,47,69,19,49,82,30
06/19/2014,69,92,true,42,45,27,35,95,43,69,20,2,92
08/16/2014,60,63,false,64,16,81,66,8,10,46,77,2,22
09/29/2014,11,97,true,6,67,82,7,94,95,19,99,45,65
04/20/2015,57,70,true,82,70,100,73,98,1,92,63,52,59
05/22/2015,16,79,true,31,82,71,59,11,66,77,84,8,76
10/15/2014,92,100,true,27,67,84,37,18,84,43,82,77,90
08/01/2014,36,97,false,59,22,23,45,48,32,97,95,38,63
03/25/2015,24,80,true,62,59,72,76,59,45,9,61,54,81
11/20/2014,29,10,true,22,84,10,20,14,38,19,36,32,65
10/23/2014,54,38,true,65,71,33,35,45,7,67,98,23,62
01/27/2015,41,85,false,72,90,82,48,88,64,84,80,4,70
12/28/2014,12,8,true,22,59,64,74,1,75,78,31,99,22
07/23/2014,37,10,true,28,92,40,88,79,41,7,65,34,48
06/29/2014,31,96,false,10,28,23,24,39,19,93,86,89,10
05/06/2015,88,62,false,75,63,82,40,2,49,71,66,22,98
06/16/2015,53,45,true,5,54,54,68,12,68,20,36,91,25
12/10/2014,75,40,true,44,16,82,16,35,89,19,91,64,52
02/12/2015,90,67,false,82,58,33,54,41,94,14,60,96,64
04/06/2015,36,72,false,2,40,41,45,63,24,74,100,62,28
07/03/2014,15,100,false,32,38,28,26,59,43,30,69,79,12
06/22/2014,13,67,true,20,70,31,70,93,76,59,1,70,75
07/04/2014,23,32,true,31,95,61,68,75,64,57,1,50,84
09/04/2014,39,31,false,37,60,90,12,5,44,22,9,93,57
07/28/2014,68,92,false,68,99,66,15,17,85,95,56,14,49
07/17/2014,61,62,false,88,90,54,41,32,51,7,98,32,55
12/06/2014,47,48,false,46,78,67,68,70,83,94,91,56,57
12/08/2014,63,75,false,97,34,71,52,32,85,40,32,59,66
12/05/2014,9,46,false,73,22,70,9,38,16,20,77,21,2
12/22/2014,58,36,false,77,97,82,19,72,81,38,99,58,59
10/29/2014,17,23,true,79,82,39,10,35,70,37,72,30,81
06/11/2014,58,48,true,58,28,30,82,100,38,95,92,14,72
09/25/2014,11,88,true,46,26,74,36,14,11,89,83,98,13
09/21/2014,85,70,false,94,59,39,86,9,58,45,61,2,12
10/24/2014,81,77,false,97,55,99,95,87,75,30,81,57,86
08/14/2014,93,87,false,4,29,90,45,31,19,70,8,83,87
07/14/2014,56,96,false,95,22,82,2,94,68,93,45,32,23
11/21/2014,27,45,true,53,98,97,1,29,70,76,91,84,48
04/07/2015,85,2,false,35,60,78,1,96,85,18,67,22,39
03/23/2015,50,75,true,91,65,61,98,79,5,45,51,43,81
10/05/2014,78,2,false,76,67,38,97,2,90,64,41,65,38
07/15/2014,67,66,true,91,42,100,22,35,14,58,89,67,52
01/25/2015,63,46,true,53,25,48,32,71,99,54,86,31,62
03/18/2015,66,97,false,68,81,35,54,59,4,99,27,61,76
05/20/2015,91,22,true,41,45,20,7,23,95,30,51,39,9
05/03/2015,60,9,true,25,75,50,11,32,63,18,33,57,82
05/06/2015,63,65,true,55,64,8,37,47,62,51,72,28,40
10/08/2014,100,89,true,75,25,32,33,88,5,8,8,2,25
10/01/2014,82,98,false,57,20,42,33,36,70,24,56,65,4
05/30/2015,32,37,true,48,33,53,60,23,45,60,10,58,85
06/29/2014,65,76,false,17,95,97,7,1,95,81,70,54,96
06/12/2014,38,38,true,64,43,5,77,58,80,61,9,57,11
06/25/2014,89,79,true,22,18,29,75,29,88,38,80,8,57
12/30/2014,84,22,true,91,26,33,82,94,19,36,19,69,47
09/26/2014,30,49,false,100,47,40,92,76,62,74,66,61,41
08/23/2014,32,8,false,100,99,15,87,28,43,21,75,45,29
10/04/2014,87,18,false,85,88,63,94,91,97,68,24,29,24
02/05/2015,10,4,false,46,56,64,25,24,33,81,27,20,63
06/29/2015,81,2,true,63,99,80,68,18,53,26,93,98,47
08/25/2014,92,51,true,75,6,51,52,10,34,87,16,59,71
10/23/2014,94,76,false,37,63,84,43,8,8,32,17,23,67
08/01/2014,41,40,true,22,72,46,83,66,49,99,44,34,3
03/26/2015,90,47,false,20,76,96,100,80,79,60,77,54,38
11/19/2014,86,48,false,93,47,60,66,84,14,100,22,13,85
09/30/2014,8,44,true,89,46,42,74,51,70,97,29,87,100
12/29/2014,55,6,true,90,77,12,24,70,53,59,84,86,94
07/14/2014,91,2,true,6,74,100,77,43,87,70,12,38,14
01/22/2015,65,70,false,70,80,49,72,62,64,88,44,77,4
11/28/2014,22,64,false,15,19,67,1,79,34,65,42,80,40
05/08/2015,57,93,true,27,24,78,54,94,66,39,64,52,10
10/28/2014,6,19,false,33,90,92,55,91,73,57,60,48,88
09/30/2014,40,48,true,74,65,62,97,13,92,58,20,96,62
05/10/2015,70,76,false,65,43,50,33,90,84,76,1,35,100
08/13/2014,40,99,false,56,28,34,71,31,11,12,7,24,72
06/07/2015,67,2,true,86,68,93,51,99,44,45,61,67,83
01/27/2015,65,25,true,42,21,22,96,29,62,33,10,31,48
07/28/2014,15,22,false,91,15,69,12,52,7,89,56,66,40
06/07/2015,60,31,true,86,48,15,64,94,89,8,8,87,26
08/01/2014,6,55,false,72,33,16,98,96,1,70,71,90,74
06/28/2014,62,67,false,58,95,25,49,36,44,14,29,20,9
11/22/2014,43,36,true,16,61,81,60,49,35,89,70,36,74
06/27/2015,42,32,false,88,12,18,10,57,98,51,55,16,13
06/05/2015,77,81,true,12,55,62,5,16,92,74,93,24,92
09/18/2014,26,27,false,76,96,40,79,42,48,19,82,49,82
06/30/2015,82,37,true,31,33,75,78,3,13,14,58,17,35
03/01/2015,18,90,true,16,43,33,11,69,67,68,11,31,18
06/14/2014,99,1,true,5,55,98,18,88,84,29,22,9,36
03/26/2015,81,75,true,44,19,15,2,11,76,72,42,73,92
02/22/2015,22,70,false,56,48,86,19,43,55,52,58,11,4
06/21/2014,45,100,false,39,75,27,20,17,60,43,65,29,22
01/20/2015,78,45,true,84,15,87,56,10,93,57,25,41,6
03/08/2015,23,74,true,15,78,83,100,99,94,8,48,83,91
01/04/2015,69,47,true,31,40,30,30,33,1,57,18,88,42
07/02/2014,62,55,false,87,90,82,47,36,28,26,3,55,8
06/03/2014,52,10,false,33,97,1,16,63,4,15,10,11,42
11/05/2014,67,72,false,59,71,29,5,80,27,30,60,41,76
10/12/2014,38,73,false,37,13,35,10,71,57,81,17,81,12
04/26/2015,14,17,true,29,17,37,23,55,38,72,66,79,76
04/08/2015,48,61,false,39,97,72,1,9,87,27,97,62,2
07/06/2014,67,39,false,52,45,36,49,19,59,95,72,61,10
08/29/2014,81,66,true,52,36,47,20,55,28,21,38,60,98
04/15/2015,6,25,false,49,75,80,49,21,17,11,10,76,43
02/08/2015,1,76,true,93,62,3,41,37,72,81,36,36,34
11/10/2014,17,83,false,88,100,89,44,35,12,44,21,20,15
11/29/2014,68,96,false,100,16,48,1,29,83,23,30,55,55
11/05/2014,50,68,false,22,22,21,43,23,48,32,33,60,34
03/31/2015,29,35,false,39,63,32,60,54,44,14,1,16,80
10/09/2014,15,81,false,80,1,21,89,1,41,23,17,22,43
04/09/2015,53,8,false,25,28,90,57,73,93,62,79,20,5
06/18/2014,55,70,false,14,33,96,79,91,89,55,82,66,33
01/27/2015,83,1,false,75,24,64,94,80,2,18,76,100,79
11/12/2014,82,96,true,90,84,39,47,85,81,73,81,24,72
10/04/2014,20,63,true,37,87,58,49,57,56,39,54,96,3
06/01/2014,88,49,false,94,64,95,2,32,84,57,9,2,92
06/28/2015,39,11,false,90,30,86,83,57,19,44,51,16,99
06/22/2014,27,65,false,91,37,28,91,94,5,43,55,98,65
11/06/2014,37,82,true,62,39,77,55,54,100,73,59,1,28
06/03/2014,24,1,false,7,7,37,88,5,97,72,62,90,31
02/10/2015,58,33,false,6,76,76,62,11,31,15,4,24,23
10/04/2014,63,8,false,62,86,95,42,82,77,16,91,37,6
12/31/2014,98,11,true,46,17,56,54,95,25,41,59,32,46
02/15/2015,80,36,false,84,57,42,12,63,49,31,59,83,84
03/04/2015,36,88,true,16,63,74,47,29,84,99,21,63,26
03/07/2015,61,89,false,42,55,3,54,13,56,44,94,93,4
10/19/2014,76,82,true,56,18,50,64,84,64,99,28,39,75
06/14/2014,71,97,false,93,2,9,55,45,11,62,27,40,96
07/19/2014,50,27,true,57,98,85,20,54,70,60,89,25,18
12/25/2014,75,69,true,59,23,67,16,60,6,47,10,49,67
06/07/2014,10,59,true,9,71,80,22,2,66,49,34,77,63
04/22/2015,11,33,false,97,71,58,81,10,51,10,2,30,55
11/21/2014,37,42,false,15,51,17,47,56,65,5,93,32,61
05/24/2015,2,74,false,22,48,58,100,42,94,43,87,62,66
07/13/2014,7,11,false,98,17,34,71,99,20,39,34,69,60
08/31/2014,41,86,false,15,33,42,43,45,7,13,94,79,69
06/04/2015,95,82,true,97,3,39,45,52,54,52,25,23,19
06/23/2015,91,2,false,23,49,100,9,20,27,17,54,76,67
05/17/2015,49,21,false,33,44,79,41,8,24,54,85,86,45
06/15/2015,14,33,false,67,28,1,33,29,2,30,80,10,52
10/28/2014,89,83,false,17,23,23,55,17,31,82,91,3,76
04/01/2015,65,80,false,91,29,32,29,50,27,42,65,94,86
10/24/2014,20,35,true,39,37,84,68,96,67,79,29,15,97
09/08/2014,38,63,false,33,6,61,78,91,62,74,97,60,78
02/13/2015,13,32,true,38,19,44,6,45,69,13,16,87,36
04/14/2015,72,100,true,84,11,49,83,31,3,91,11,41,49
12/17/2014,37,3,false,52,67,85,66,38,3,60,24,8,10
03/30/2015,97,16,true,41,34,83,40,71,31,36,75,41,89
06/06/2014,24,50,true,52,63,13,83,94,35,64,43,69,100
05/21/2015,90,36,false,2,71,95,55,68,31,58,89,7,38
11/05/2014,74,50,false,44,50,31,91,97,62,47,22,15,29
08/11/2014,2,82,true,59,35,29,19,50,18,40,99,36,21
10/28/2014,37,6,true,95,8,41,16,98,8,74,37,4,75
11/26/2014,39,11,true,20,20,100,86,47,69,21,91,14,91
03/31/2015,63,95,true,20,8,74,24,91,31,33,2,20,74
06/09/2014,64,94,false,39,65,73,62,59,36,67,79,56,12
04/06/2015,30,57,true,48,39,46,85,7,95,67,25,93,76
04/24/2015,6,76,false,45,14,16,49,42,34,79,85,48,69
05/15/2015,50,34,true,59,31,24,56,10,17,10,2,45,49
05/22/2015,36,71,true,69,66,16,59,54,35,94,41,93,60
04/18/2015,43,10,false,43,90,69,65,93,31,38,98,87,71
01/14/2015,2,88,true,1,98,89,70,3,84,18,69,26,5
02/17/2015,74,75,true,66,96,71,32,71,89,92,22,21,73
11/27/2014,75,37,false,63,76,35,37,65,47,56,49,45,49
11/30/2014,17,22,true,51,66,72,38,79,94,39,12,98,12
02/08/2015,79,31,false,90,87,29,53,93,11,90,23,92,85
12/12/2014,55,99,true,78,90,11,32,66,16,22,20,69,49
06/26/2015,50,76,true,51,19,12,8,95,96,26,98,22,34
05/17/2015,74,29,true,1,75,12,53,15,91,90,52,33,38
06/20/2014,90,49,false,25,89,25,77,92,85,13,71,1,8
08/26/2014,91,39,true,25,66,58,72,42,46,61,60,81,77
12/29/2014,99,59,true,4,33,44,21,71,75,65,47,97,52
06/14/2014,23,4,true,30,72,16,9,60,10,69,95,56,97
12/14/2014,55,2,false,38,63,7,57,78,13,7,60,76,46
01/10/2015,52,83,false,100,8,53,42,57,26,66,44,64,1
07/01/2015,33,9,true,83,43,77,21,34,88,68,78,59,21
08/26/2014,5,79,false,89,83,19,60,98,40,1,15,45,59
06/01/2014,46,97,true,46,40,35,48,31,78,82,71,62,93
12/08/2014,88,66,true,61,78,28,80,53,67,21,69,49,60
03/29/2015,84,59,false,86,88,94,15,24,67,14,82,1,65
09/20/2014,51,87,true,43,38,25,88,21,88,80,12,55,51
09/10/2014,8,53,false,96,8,55,10,81,41,86,100,29,6
04/15/2015,93,45,false,99,7,40,32,44,73,8,24,30,7
08/10/2014,98,75,false,2,57,98,41,88,28,54,16,74,14
12/28/2014,43,50,false,92,73,82,80,36,93,72,75,63,82
10/22/2014,74,35,true,99,51,36,86,93,97,38,49,4,48
12/12/2014,86,72,false,100,81,78,49,15,1,43,76,73,48
06/08/2014,87,45,true,81,92,90,1,89,92,23,5,56,78
01/16/2015,71,98,false,19,56,28,13,80,67,6,62,18,40
09/09/2014,47,47,false,84,67,55,22,69,28,24,83,53,29
10/30/2014,37,11,true,45,91,45,63,3,95,66,19,26,22
12/14/2014,9,12,false,41,81,96,73,6,50,69,47,22,55
10/29/2014,37,14,false,31,32,15,71,6,17,66,10,39,35
04/02/2015,18,58,false,25,98,22,58,52,98,49,65,44,90
09/11/2014,37,56,false,77,87,51,78,79,34,15,22,71,35
12/16/2014,35,45,false,28,40,93,83,53,84,8,41,42,89
12/26/2014,80,84,true,65,2,14,7,50,5,77,78,34,21
02/18/2015,73,17,true,83,43,49,92,17,43,29,1,11,55
12/10/2014,37,100,true,95,51,27,67,38,46,30,71,69,41
05/08/2015,43,38,false,94,45,86,90,4,64,87,22,35,83
05/17/2015,96,68,false,66,90,92,14,94,65,16,21,27,27
03/11/2015,47,80,false,2,41,38,88,25,66,5,55,69,99
04/12/2015,89,82,false,59,50,64,81,20,91,9,32,31,9
05/23/2015,52,4,true,86,81,97,70,45,66,17,12,65,93
01/17/2015,74,45,true,78,36,50,96,3,31,25,98,94,38
05/21/2015,29,3,false,62,85,62,95,45,97,63,54,1,15
05/11/2015,75,68,true,71,5,55,56,75,6,82,54,80,23
10/08/2014,27,99,true,50,41,79,22,24,87,31,65,2,94
12/09/2014,69,35,true,92,66,38,78,58,69,30,57,45,50
03/21/2015,18,5,true,26,64,74,19,33,6,49,1,80,15
07/23/2014,23,37,true,88,77,51,36,29,60,89,42,99,47
09/20/2014,72,58,true,59,41,12,63,24,19,31,48,73,77
06/15/2014,96,12,false,27,9,78,54,36,97,83,34,49,60
07/31/2014,64,48,true,96,28,57,50,42,79,39,99,88,82
05/06/2015,76,30,true,77,44,77,6,91,27,86,53,81,66
03/08/2015,42,27,true,19,12,51,94,51,8,61,62,18,40
08/02/2014,68,8,true,29,66,84,47,53,46,92,88,75,85
05/05/2015,2,3,true,53,89,78,20,13,57,3,19,58,24
06/14/2015,98,14,true,57,30,39,51,38,89,16,53,98,70
06/04/2014,42,84,true,40,69,35,82,32,20,68,78,33,50
09/18/2014,10,43,false,88,76,80,49,7,68,56,63,7,22
06/27/2014,60,16,false,59,39,89,96,65,65,66,51,3,6
05/02/2015,87,20,true,1,77,64,38,18,22,49,15,91,49
03/24/2015,51,31,true,83,35,26,80,79,81,100,31,2,20
11/13/2014,100,5,false,10,75,35,31,35,42,72,67,50,93
08/29/2014,36,71,true,68,38,78,19,77,89,72,92,92,80
07/22/2014,60,6,true,72,54,21,12,68,59,39,13,36,8
01/09/2015,50,34,true,8,63,72,26,94,36,89,38,96,82
01/11/2015,47,75,false,77,97,86,14,68,95,57,32,22,71
10/23/2014,23,28,false,71,73,2,87,47,87,12,16,61,91
04/27/2015,66,26,false,48,38,1,84,12,1,6,89,12,64
11/08/2014,59,63,true,25,75,44,65,22,60,38,18,22,60
09/12/2014,86,26,true,68,63,81,89,82,36,17,59,45,42
10/05/2014,21,35,true,88,52,85,73,61,31,26,27,77,36
06/18/2015,66,19,true,10,13,52,66,95,62,29,19,34,55
04/11/2015,83,14,true,29,21,1,31,86,86,40,94,78,58
06/13/2015,10,58,true,93,83,58,65,66,36,85,37,33,42
07/12/2014,93,91,true,97,47,49,20,50,27,64,11,25,61
12/18/2014,71,83,false,61,32,43,91,46,50,24,32,43,74
02/25/2015,39,90,true,32,18,19,12,51,13,83,30,9,38
06/18/2014,23,5,true,62,79,63,6,20,60,17,5,28,15
03/03/2015,31,16,true,71,83,30,38,94,14,9,18,63,82
05/11/2015,83,13,false,21,74,55,70,92,32,28,48,21,67
09/22/2014,44,77,true,84,16,65,82,88,1,16,70,15,92
05/23/2015,57,59,false,61,72,33,49,42,80,13,66,89,35
10/17/2014,50,21,false,16,84,24,91,61,29,88,79,60,72
06/03/2015,68,29,true,88,97,48,47,67,16,56,64,16,7
02/06/2015,47,49,false,42,70,3,56,1,14,68,73,71,60
10/30/2014,84,47,false,18,95,45,73,56,46,58,49,64,99
01/01/2015,38,24,false,14,85,23,25,49,85,23,16,59,21
10/13/2014,81,29,false,27,86,35,93,61,12,92,33,89,90
09/22/2014,30,12,true,60,9,54,15,78,38,8,23,7,35
05/01/2015,11,36,true,52,58,9,70,88,87,81,40,32,18
11/11/2014,65,94,false,85,80,22,89,99,81,52,78,25,41
07/25/2014,94,43,true,24,52,63,44,32,4,87,36,10,61
11/26/2014,17,56,true,45,52,82,73,37,24,55,61,65,63
07/06/2014,50,84,true,97,51,54,96,67,78,99,93,32,48
06/15/2015,19,67,false,35,70,43,71,86,33,97,88,81,52
08/11/2014,18,26,false,71,40,2,76,94,26,58,19,23,82
11/06/2014,89,20,false,5,11,31,34,33,74,4,92,24,27
05/23/2015,100,47,false,9,99,22,18,30,12,85,64,22,37
10/22/2014,86,7,true,47,100,48,4,89,17,60,2,21,3
01/31/2015,12,82,false,40,63,73,3,92,91,4,28,5,73
10/24/2014,32,96,true,64,69,6,35,20,73,58,82,60,67
01/29/2015,8,94,true,17,81,39,5,33,80,15,63,88,38
09/20/2014,24,7,false,25,50,5,77,88,87,59,8,90,38
12/15/2014,36,12,false,40,49,37,7,57,79,71,53,80,38
05/15/2015,86,25,false,92,62,54,61,6,20,46,81,41,77
11/24/2014,83,60,false,99,16,22,94,70,24,65,70,10,46
06/05/2014,68,58,true,69,1,13,7,79,36,29,94,46,85
08/24/2014,62,80,false,22,61,49,30,28,74,55,64,19,42
06/12/2014,37,28,false,38,8,5,8,57,29,98,97,1,65
03/05/2015,15,33,true,82,77,1,30,11,90,92,57,43,84
03/25/2015,82,21,false,28,36,27,87,31,19,22,67,49,12
12/19/2014,50,7,true,35,35,8,13,59,5,67,19,28,58
06/14/2014,3,34,false,88,88,24,59,5,76,52,98,33,27
11/16/2014,10,15,true,17,12,85,54,53,6,79,19,15,75
09/11/2014,36,26,true,5,3,28,11,39,37,35,27,5,5
11/10/2014,4,77,false,8,27,75,13,28,47,96,13,8,35
09/10/2014,50,50,true,25,72,42,14,92,86,69,87,14,82
08/01/2014,39,4,true,46,26,69,89,12,92,17,20,98,30
06/20/2015,72,41,false,58,9,71,83,48,6,96,16,42,15
09/14/2014,32,64,true,82,72,33,92,44,91,15,91,67,63
10/05/2014,38,76,false,30,91,98,57,91,85,56,66,43,47
07/04/2014,54,79,false,77,91,33,39,18,57,63,73,72,46
06/08/2015,64,39,false,47,20,64,2,42,2,50,81,42,78
07/25/2014,58,79,true,88,83,96,81,81,90,45,61,31,80
06/23/2014,86,28,true,16,12,37,37,8,83,41,81,60,68
06/23/2014,40,83,true,98,61,99,86,90,66,43,57,83,49
08/08/2014,51,68,false,61,74,3,16,21,35,67,74,67,67
10/31/2014,47,89,false,33,94,85,37,14,16,39,29,6,6
06/13/2014,62,16,false,100,87,52,43,8,49,28,17,2,32
01/13/2015,29,49,true,92,53,56,49,15,82,45,85,30,84
04/22/2015,75,5,true,22,51,29,53,59,14,85,75,94,74
