0 on 12 20 20 19 19 16 24 16 100
1 on 12 20 20 19 19 16 24 16 100
2 on 12 20 20 19 19 16 24 16 100
3 on 12 20 20 19 19 16 24 16 100
4 on 12 20 20 19 19 16 24 16 100
5 on 12 20 20 19 19 16 24 16 100
6 on 12 20 20 19 19 16 24 16 100
7 on 12 20 20 19 19 16 24 16 100
8 on 12 20 20 19 19 16 24 16 100
9 on 12 20 20 19 19 16 24 16 100
10 on 12 20 20 19 19 16 24 16 100
11 on 12 20 20 19 19 16 24 16 100
12 on 12 20 20 19 19 16 24 16 100
13 on 12 20 20 19 19 16 24 16 100
14 on 12 20 20 19 19 16 24 16 100
15 on 12 20 20 19 19 16 24 16 100
16 on 12 20 20 19 19 16 24 16 100
17 on 12 20 20 19 19 16 24 16 100
18 on 12 20 20 19 19 16 24 16 100
19 on 12 20 20 19 19 16 24 16 100
20 on 12 20 20 19 19 16 24 16 100
21 on 12 20 20 19 19 16 24 16 100
22 on 12 20 20 19 19 16 24 16 100
23 on 12 20 20 19 19 16 24 16 100
24 on 12 20 20 19 19 16 24 16 100
25 on 12 20 20 19 19 16 24 16 100
26 on 12 20 20 19 19 16 24 16 100
0 on 12 37 22 19 21 22 26 19 100
25 on 12 28 22 21 21 23 27 17 99
10 on 15 33 22 19 21 24 25 19 98
23 on 12 29 20 19 21 16 24 22 97
11 on 12 30 20 21 20 17 32 19 100
18 on 12 34 21 20 20 25 34 18 98
24 on 13 24 20 19 21 23 27 24 100
9 on 12 31 21 21 21 23 27 18 100
18 on 16 52 22 21 20 27 41 19 95
0 on 13 50 23 19 23 25 28 25 100
11 on 16 31 21 23 22 19 37 21 96
12 on 15 33 21 19 19 16 27 26 99
22 on 14 28 22 21 20 24 34 17 100
2 on 14 39 22 21 21 18 28 24 100
6 on 15 40 21 21 21 19 32 21 100
13 on 13 30 22 21 19 16 32 20 100
3 on 12 29 21 21 19 20 25 16 100
25 on 15 33 22 23 22 29 32 22 97
6 on 16 60 22 23 23 29 32 30 100
7 on 12 30 22 20 21 20 34 25 100
0 on 14 50 23 20 24 33 28 27 96
3 on 13 36 21 22 20 28 33 26 100
8 on 16 32 21 20 19 22 31 26 97
25 on 18 53 22 25 24 37 42 30 93
9 on 13 42 22 23 23 24 34 28 96
21 on 15 40 20 21 21 26 24 16 100
17 on 12 36 22 19 19 17 24 18 99
16 on 16 29 20 19 19 18 27 22 100
26 on 16 29 22 21 19 17 28 26 100
3 on 17 55 21 22 21 29 43 29 96
26 on 17 45 23 22 21 17 32 27 97
13 on 14 50 23 21 19 21 35 29 100
17 on 14 53 24 19 20 18 27 28 99
8 on 17 36 23 20 21 22 37 35 93
5 on 13 32 21 20 19 21 28 25 97
9 on 15 54 23 24 23 29 34 30 93
25 on 19 63 22 26 25 43 49 30 89
16 on 20 39 22 20 21 19 27 27 100
25 on 21 71 23 28 25 48 59 38 88
0 on 16 59 25 21 24 39 35 35 92
8 on 18 39 24 21 22 30 46 40 91
23 on 13 38 21 20 21 16 26 23 97
25 on 21 77 22 28 26 46 63 35 84
15 on 16 37 21 21 20 25 34 18 100
21 on 16 55 21 23 23 36 24 22 99
2 on 18 42 22 22 22 20 33 32 100
9 on 19 69 25 24 24 36 36 36 93
21 on 16 60 23 25 25 40 33 25 99
7 on 16 42 22 20 22 22 34 34 98
25 on 20 68 22 27 27 48 63 39 80
16 on 24 44 23 21 21 25 34 37 96
7 on 17 57 23 20 24 28 34 39 95
11 on 17 45 22 23 24 26 40 23 92
21 on 16 73 24 27 27 45 36 33 99
14 on 16 23 20 19 20 20 28 25 97
10 on 19 39 22 19 22 29 32 21 98
17 on 17 64 24 20 21 26 37 33 99
3 on 20 66 22 22 23 31 48 31 94
0 on 19 70 27 21 26 40 40 42 89
26 on 21 45 24 24 22 18 38 33 97
8 on 20 49 25 21 22 30 48 49 91
5 on 14 40 23 22 19 30 30 25 96
8 on 23 50 27 21 22 38 50 59 91
8 on 25 60 27 20 22 34 53 54 91
21 on 18 82 26 28 28 52 39 43 98
12 on 16 42 23 19 21 23 33 26 99
14 on 20 36 22 20 22 22 29 26 97
4 on 14 26 20 19 20 18 31 24 100
13 on 18 64 25 22 21 31 44 35 97
24 on 14 25 21 21 22 30 32 33 99
26 on 22 55 24 24 23 22 42 36 94
21 on 16 74 27 27 28 51 37 41 97
24 on 17 26 21 23 22 32 36 43 99
7 on 20 66 25 22 25 32 40 42 95
23 on 17 51 23 22 21 26 36 32 97
7 on 22 66 26 23 26 37 47 45 95
12 on 16 48 24 20 23 24 39 29 96
21 on 18 75 26 26 27 50 40 36 95
21 on 16 77 25 25 26 46 40 40 93
19 on 14 24 22 20 19 20 29 24 100
20 on 15 29 21 21 20 21 32 22 100
16 on 24 49 25 23 23 28 44 42 96
21 on 18 86 24 26 26 49 45 45 93
22 on 15 34 23 21 22 32 38 17 100
2 on 22 58 22 24 22 20 33 36 96
16 on 28 53 26 24 23 35 46 48 93
4 on 16 31 20 20 21 21 33 25 100
23 on 21 60 24 22 22 30 43 34 96
24 on 21 38 21 23 23 40 46 46 99
7 on 22 58 27 24 25 39 52 42 92
3 on 20 66 23 23 24 41 53 40 91
12 on 20 50 25 20 24 29 42 38 93
5 on 16 60 23 24 20 37 32 34 95
12 on 23 53 26 21 25 29 46 38 93
16 on 29 53 26 25 24 32 42 53 93
3 on 22 69 24 22 25 41 53 43 89
19 on 15 37 22 22 19 20 34 26 100
2 on 26 60 24 24 23 28 41 39 96
15 on 17 57 23 23 21 28 37 18 100
1 on 16 39 21 19 19 24 29 24 98
11 on 18 61 24 24 26 36 45 26 92
25 on 21 69 23 26 26 43 63 39 80
8 on 26 52 28 19 23 39 55 56 89
8 on 26 62 29 19 23 38 56 51 85
8 on 27 72 30 19 23 41 61 51 85
0 on 19 63 27 21 26 39 37 39 89
19 on 19 55 23 24 19 24 39 29 98
2 on 26 67 24 25 23 29 51 44 96
20 on 15 31 22 21 20 28 38 25 100
11 on 18 74 26 24 28 41 55 28 89
21 on 17 68 23 25 26 46 40 43 93
19 on 22 66 25 25 19 30 45 34 95
9 on 21 83 25 25 24 36 37 40 93
6 on 16 69 24 23 23 36 32 32 98
26 on 22 67 25 25 24 31 49 44 94
19 on 26 74 25 27 19 35 54 44 95
16 on 31 49 26 25 24 37 42 56 93
20 on 17 42 23 23 22 37 44 33 96
13 on 20 71 26 24 21 37 46 36 96
17 on 21 77 24 20 23 27 38 35 99
23 on 25 69 24 23 23 30 49 42 94
16 on 32 59 26 26 24 33 42 61 89
8 on 27 55 30 17 23 39 60 46 82
7 on 20 54 28 23 26 38 56 39 92
12 on 21 47 25 20 25 27 47 43 93
21 on 17 57 22 25 26 45 31 34 92
21 on 13 38 20 24 25 37 30 34 92
3 on 20 61 23 21 24 43 55 42 88
12 on 23 45 26 21 26 24 45 38 92
5 on 17 68 23 24 22 44 40 40 91
13 on 20 77 27 26 23 38 50 44 96
7 on 20 45 27 22 25 36 55 37 92
22 on 17 49 23 22 22 33 38 20 96
5 on 19 80 25 24 23 53 43 45 91
24 on 23 57 21 23 24 44 56 51 99
7 on 20 52 26 21 25 38 56 32 92
10 on 20 42 23 20 22 34 34 30 95
1 on 18 51 22 19 19 26 37 30 98
8 on 23 42 30 15 21 36 54 45 82
24 on 22 53 20 22 25 41 55 52 99
17 on 25 85 24 22 23 35 42 39 98
4 on 19 50 21 22 22 27 37 29 98
2 on 27 63 24 24 24 30 50 44 96
5 on 18 83 26 24 24 48 42 49 91
9 on 23 78 25 26 23 33 35 38 90
14 on 22 39 23 22 22 24 32 36 96
23 on 27 63 24 23 23 26 54 42 91
22 on 21 50 23 23 23 39 46 29 96
0 on 19 59 27 21 26 41 34 41 89
13 on 22 73 28 26 22 39 54 46 96
9 on 21 84 24 27 24 30 33 39 90
16 on 32 67 27 26 24 34 44 64 89
5 on 20 74 25 24 23 51 38 47 88
1 on 20 65 24 21 19 36 41 33 97
10 on 22 45 25 21 24 44 43 33 95
16 on 32 49 25 25 23 33 39 58 85
26 on 24 58 24 24 24 34 53 41 94
21 on 10 22 18 22 24 31 27 25 90
10 on 22 61 26 22 24 44 51 34 91
9 on 23 93 23 26 23 26 36 44 88
17 on 27 91 24 21 23 32 39 38 94
11 on 18 82 27 25 28 38 58 29 89
12 on 21 42 25 21 25 21 43 36 92
26 on 22 51 24 24 23 31 57 42 93
21 on 10 28 20 22 25 31 35 34 90
26 on 24 42 24 23 22 36 54 47 93
9 on 21 98 24 25 22 21 31 48 88
0 on 19 63 27 22 25 46 36 44 89
6 on 17 82 24 23 25 37 39 38 97
20 on 20 51 23 23 23 37 48 36 93
14 on 23 58 24 22 24 32 39 46 96
17 on 26 87 23 21 22 28 43 43 91
6 on 17 82 24 24 26 44 42 44 95
26 on 26 42 24 23 22 35 58 46 93
16 on 32 34 25 25 21 24 35 57 81
13 on 22 78 29 26 21 36 59 47 96
6 on 17 72 24 23 25 45 44 39 94
7 on 20 42 24 21 24 33 46 28 92
22 on 23 53 24 23 23 49 48 33 96
19 on 28 68 24 26 18 32 55 39 95
1 on 23 81 25 22 19 44 51 38 95
0 on 21 69 28 22 25 50 36 39 89
16 on 29 24 23 25 20 23 33 57 81
14 on 27 73 26 22 25 36 48 54 96
0 on 19 49 26 22 25 41 29 31 85
18 on 17 70 24 23 22 34 45 26 95
7 on 20 26 22 20 22 28 44 25 90
5 on 22 80 24 25 24 47 35 45 85
17 on 26 90 24 21 21 31 41 46 87
22 on 24 61 24 23 24 47 46 33 94
19 on 30 67 25 26 19 37 53 38 95
17 on 24 88 24 22 20 34 36 44 83
5 on 23 89 23 25 25 50 38 40 85
24 on 24 58 19 23 25 40 51 54 95
19 on 31 75 25 25 19 35 52 40 92
7 on 16 14 21 20 21 23 37 23 90
18 on 18 82 26 23 24 34 51 28 93
5 on 22 74 21 24 24 48 33 38 81
10 on 20 53 27 23 23 46 47 33 89
5 on 21 63 20 22 23 48 28 38 81
25 on 22 63 24 25 27 38 61 35 80
12 on 20 51 24 20 24 21 39 32 92
5 on 18 45 18 22 23 47 28 30 78
10 on 19 57 27 23 23 51 51 35 89
0 on 18 30 25 21 23 37 29 24 85
2 on 25 69 25 23 25 31 53 41 94
26 on 22 27 23 22 22 27 53 39 91
10 on 21 61 26 23 22 46 50 38 89
25 on 20 50 22 25 25 37 57 27 77
13 on 24 72 29 27 20 36 63 44 96
23 on 27 68 25 22 22 22 57 43 91
1 on 26 83 27 24 20 52 59 43 92
11 on 19 90 28 24 27 42 53 25 89
0 on 16 18 24 19 22 32 20 22 81
4 on 20 50 21 24 24 31 41 35 97
5 on 17 26 16 22 22 43 28 29 75
17 on 23 70 23 20 20 28 27 37 83
6 on 16 81 24 22 24 45 40 35 93
21 on 10 45 20 23 26 38 40 38 87
20 on 23 57 24 25 24 45 49 39 91
8 on 22 25 28 15 20 32 45 38 82
14 on 26 74 26 21 26 41 44 52 93
4 on 21 55 23 26 25 37 47 39 97
0 on 12 20 19 20 19 19 24 24 100
1 on 12 20 19 20 19 19 24 24 100
2 on 12 20 19 20 19 19 24 24 100
3 on 12 20 19 20 19 19 24 24 100
4 on 12 20 19 20 19 19 24 24 100
5 on 12 20 19 20 19 19 24 24 100
6 on 12 20 19 20 19 19 24 24 100
7 on 12 20 19 20 19 19 24 24 100
8 on 12 20 19 20 19 19 24 24 100
9 on 12 20 19 20 19 19 24 24 100
10 on 12 20 19 20 19 19 24 24 100
11 on 12 20 19 20 19 19 24 24 100
12 on 12 20 19 20 19 19 24 24 100
13 on 12 20 19 20 19 19 24 24 100
14 on 12 20 19 20 19 19 24 24 100
15 on 12 20 19 20 19 19 24 24 100
16 on 12 20 19 20 19 19 24 24 100
17 on 12 20 19 20 19 19 24 24 100
18 on 12 20 19 20 19 19 24 24 100
19 on 12 20 19 20 19 19 24 24 100
20 on 12 20 19 20 19 19 24 24 100
21 on 12 20 19 20 19 19 24 24 100
22 on 12 20 19 20 19 19 24 24 100
23 on 12 20 19 20 19 19 24 24 100
24 on 12 20 19 20 19 19 24 24 100
25 on 12 20 19 20 19 19 24 24 100
26 on 12 20 19 20 19 19 24 24 100
0 on 15 32 20 21 20 25 33 25 96
18 on 14 39 21 22 19 28 31 28 100
23 on 12 22 21 20 20 29 29 33 100
0 on 17 41 22 21 21 33 38 30 92
11 on 13 36 19 21 21 27 30 27 99
3 on 13 20 19 21 20 28 26 28 100
24 on 14 37 19 20 21 20 30 28 100
0 on 12 20 18 18 18 24 19 17 100
1 on 12 20 18 18 18 24 19 17 100
2 on 12 20 18 18 18 24 19 17 100
3 on 12 20 18 18 18 24 19 17 100
4 on 12 20 18 18 18 24 19 17 100
5 on 12 20 18 18 18 24 19 17 100
6 on 12 20 18 18 18 24 19 17 100
7 on 12 20 18 18 18 24 19 17 100
8 on 12 20 18 18 18 24 19 17 100
9 on 12 20 18 18 18 24 19 17 100
10 on 12 20 18 18 18 24 19 17 100
11 on 12 20 18 18 18 24 19 17 100
12 on 12 20 18 18 18 24 19 17 100
13 on 12 20 18 18 18 24 19 17 100
14 on 12 20 18 18 18 24 19 17 100
15 on 12 20 18 18 18 24 19 17 100
16 on 12 20 18 18 18 24 19 17 100
17 on 12 20 18 18 18 24 19 17 100
18 on 12 20 18 18 18 24 19 17 100
19 on 12 20 18 18 18 24 19 17 100
20 on 12 20 18 18 18 24 19 17 100
21 on 12 20 18 18 18 24 19 17 100
22 on 12 20 18 18 18 24 19 17 100
23 on 12 20 18 18 18 24 19 17 100
24 on 12 20 18 18 18 24 19 17 100
25 on 12 20 18 18 18 24 19 17 100
26 on 12 20 18 18 18 24 19 17 100
14 on 13 33 19 20 19 32 26 21 100
1 on 13 33 19 20 20 29 24 19 100
3 on 14 20 20 18 19 29 29 20 100
3 on 17 33 20 18 20 35 30 21 98
19 on 13 32 20 20 18 26 29 19 98
18 on 14 25 19 20 19 32 24 17 100
1 on 16 34 20 22 22 38 28 28 96
20 on 13 33 20 18 18 34 28 26 97
22 on 14 20 19 19 19 25 23 22 97
0 on 12 30 20 19 18 34 19 20 96
23 on 14 24 18 19 18 34 23 21 97
25 on 13 35 20 19 19 28 27 17 96
7 on 16 32 20 19 20 26 20 22 97
24 on 12 35 20 19 20 28 27 21 98
13 on 16 20 19 18 18 27 29 20 100
12 on 15 23 19 18 20 32 24 17 99
20 on 15 36 21 20 18 37 31 26 93
14 on 15 45 19 22 19 35 34 24 99
1 on 20 35 22 23 23 43 34 29 96
26 on 15 23 19 20 18 27 26 25 100
26 on 19 23 19 20 19 37 27 33 100
18 on 16 39 20 20 21 39 28 23 100
26 on 23 32 20 22 21 47 34 35 96
19 on 15 38 20 20 20 26 31 23 98
2 on 16 21 18 18 18 29 28 25 99
24 on 13 46 20 21 21 33 36 23 97
18 on 17 40 22 22 23 46 32 31 97
23 on 14 44 19 20 20 37 31 30 97
26 on 25 46 22 24 22 56 40 37 96
2 on 18 39 18 18 18 33 30 34 96
1 on 21 48 23 25 23 48 34 37 93
8 on 16 40 18 20 19 28 26 20 100
12 on 15 40 19 19 20 41 26 18 98
17 on 13 34 20 20 19 27 23 21 97
23 on 18 55 20 22 20 41 35 30 95
20 on 19 43 23 21 18 41 33 28 90
18 on 19 57 23 24 25 50 34 31 97
2 on 19 42 18 19 19 41 31 39 96
8 on 18 56 20 21 20 32 26 21 100
12 on 15 42 21 20 21 46 32 25 95
22 on 15 34 19 20 21 29 27 30 94
0 on 12 32 20 20 20 39 22 26 96
26 on 27 51 23 25 24 56 40 41 96
7 on 20 48 22 20 22 27 20 27 97
4 on 13 23 20 19 19 33 28 18 97
7 on 20 61 22 22 22 29 24 34 93
3 on 21 46 21 18 22 44 38 21 98
15 on 12 23 20 18 18 26 28 24 100
9 on 14 30 19 19 18 32 25 20 98
21 on 15 28 19 18 19 31 27 19 100
7 on 21 67 24 24 23 31 32 36 89
1 on 24 51 23 27 24 50 39 47 91
3 on 25 63 22 20 22 48 45 25 98
21 on 16 39 20 20 19 34 33 25 100
16 on 14 24 18 20 20 28 25 21 96
11 on 16 23 18 19 20 33 25 20 100
23 on 21 59 22 22 22 51 38 30 95
22 on 17 35 21 20 21 29 34 35 94
23 on 25 77 22 24 24 55 38 39 95
9 on 18 47 20 19 18 39 31 30 96
26 on 25 46 23 24 23 60 36 37 96
19 on 19 43 20 20 22 27 33 27 98
6 on 14 33 19 18 20 30 28 18 100
25 on 14 50 21 20 20 28 36 27 96
0 on 14 36 20 22 21 48 22 27 96
9 on 19 53 22 21 19 49 39 36 96
22 on 20 43 21 20 21 38 44 36 92
1 on 24 56 23 26 25 50 39 45 91
13 on 18 29 21 18 19 32 35 21 100
22 on 24 54 21 22 23 42 48 41 92
2 on 22 52 19 19 20 51 36 40 96
3 on 29 74 24 20 24 49 45 31 95
14 on 18 53 21 24 20 41 35 31 98
21 on 19 52 21 20 20 43 41 29 100
24 on 13 58 20 21 23 43 44 23 95
25 on 15 63 22 21 20 29 46 33 93
2 on 25 58 21 20 21 53 43 43 96
0 on 17 41 20 22 22 49 25 37 96
19 on 21 62 20 22 24 36 42 30 98
20 on 21 55 24 21 19 42 34 31 90
15 on 14 27 20 19 20 26 29 25 97
23 on 25 76 23 25 23 51 33 38 95
9 on 23 63 22 21 19 52 45 39 96
20 on 25 70 24 22 21 50 37 40 90
19 on 22 81 21 23 26 42 47 35 98
4 on 17 34 22 21 21 34 35 20 95
24 on 13 66 21 22 24 53 54 32 95
12 on 15 60 22 22 21 46 41 31 95
19 on 21 87 21 22 26 47 45 35 94
15 on 14 43 20 19 21 26 38 27 94
18 on 22 60 24 24 25 58 35 33 93
15 on 18 51 22 20 22 27 46 37 93
23 on 24 80 23 26 24 48 38 42 92
15 on 20 69 24 20 24 33 46 41 91
4 on 20 36 23 22 21 36 44 23 93
7 on 21 70 25 24 25 33 40 39 89
2 on 23 54 21 19 20 49 38 42 95
11 on 17 42 19 19 22 37 35 22 99
25 on 17 70 23 23 22 38 50 36 93
15 on 18 73 23 20 23 35 51 42 91
21 on 19 67 22 20 22 52 51 32 96
23 on 23 85 22 25 24 46 34 43 89
19 on 21 83 20 21 25 43 40 38 92
17 on 13 51 22 22 20 34 26 30 96
13 on 20 36 23 20 20 41 37 26 96
12 on 16 62 22 24 21 55 48 35 94
2 on 21 59 21 18 21 53 43 40 92
9 on 24 82 24 21 19 62 50 43 96
18 on 20 54 23 23 25 63 31 36 92
11 on 17 52 20 21 24 45 44 30 99
7 on 19 76 25 24 26 38 38 36 88
2 on 22 54 22 19 20 58 39 35 92
12 on 15 56 23 23 20 59 43 33 94
17 on 16 65 23 22 21 38 32 33 96
0 on 17 41 22 23 24 53 31 42 96
25 on 21 78 24 24 22 46 60 44 90
5 on 15 25 20 19 19 28 19 23 98
18 on 20 59 22 22 25 67 32 33 92
5 on 18 34 22 19 19 38 29 26 98
3 on 30 76 23 21 25 51 49 26 93
22 on 22 58 21 23 23 43 46 39 91
2 on 21 44 21 18 21 57 40 40 92
26 on 24 37 24 24 22 58 37 33 94
4 on 21 40 24 22 22 42 44 31 93
15 on 20 71 23 21 22 30 56 42 91
8 on 19 72 21 23 22 39 30 29 98
14 on 22 64 21 26 22 42 40 39 97
16 on 18 41 18 22 22 29 32 21 96
15 on 18 68 23 20 22 29 51 39 90
11 on 18 67 22 21 24 48 46 33 95
1 on 26 61 22 26 24 53 38 48 91
25 on 21 88 23 25 22 41 57 49 90
22 on 21 50 22 23 23 43 51 34 91
10 on 12 26 18 18 20 31 26 20 100
13 on 23 39 24 21 20 50 37 35 96
10 on 15 36 19 19 20 32 36 20 99
23 on 22 76 21 25 24 44 39 38 85
6 on 18 51 19 18 20 30 28 23 96
8 on 23 90 23 25 24 44 31 30 98
22 on 23 55 22 24 23 41 51 30 90
3 on 29 75 23 21 24 55 50 25 93
6 on 22 65 20 20 20 30 29 32 94
18 on 20 53 23 21 25 67 31 29 92
1 on 24 60 21 25 25 55 42 53 87
25 on 21 92 22 26 22 45 54 47 90
15 on 16 75 23 20 23 26 52 35 90
7 on 20 70 24 23 25 34 43 38 86
14 on 26 75 22 26 23 43 46 42 97
25 on 22 96 22 26 22 48 54 44 89
2 on 20 30 20 18 20 49 30 31 92
25 on 22 100 21 27 21 43 55 43 87
10 on 17 38 19 20 22 36 42 25 99
17 on 18 83 24 22 22 42 40 38 96
22 on 22 52 21 25 22 38 53 29 90
8 on 23 109 25 26 25 50 37 35 94
19 on 21 83 19 21 24 43 36 37 89
6 on 22 65 21 21 21 37 32 32 94
17 on 19 100 25 23 22 45 45 38 92
15 on 12 57 22 19 22 26 52 33 88
21 on 19 74 24 20 23 61 58 36 96
3 on 30 82 23 20 25 57 53 29 92
21 on 20 69 24 19 24 60 54 36 93
1 on 22 61 22 25 25 50 39 58 87
22 on 19 35 19 24 22 38 49 26 86
9 on 26 75 24 22 18 57 51 44 92
12 on 13 61 23 24 19 64 48 29 94
11 on 19 85 22 21 26 48 55 37 95
4 on 23 51 26 23 23 42 52 39 93
2 on 18 17 19 17 19 46 25 28 91
23 on 19 63 19 24 24 37 34 36 85
19 on 22 76 20 21 24 40 33 38 88
1 on 20 48 20 24 25 41 33 57 87
15 on 8 44 20 19 20 25 46 30 85
12 on 14 67 22 25 20 69 49 27 94
1 on 17 31 18 22 24 41 32 54 86
25 on 18 84 21 25 21 37 47 34 83
6 on 22 85 21 22 23 37 34 33 93
15 on 5 28 18 17 20 16 44 22 84
9 on 27 65 23 23 17 52 54 47 89
8 on 22 119 26 26 26 54 35 34 93
3 on 29 88 22 21 24 54 52 29 91
0 on 16 38 23 23 25 48 27 41 93
3 on 29 73 22 19 22 45 50 26 91
17 on 21 99 26 23 22 49 43 42 92
26 on 24 38 24 23 21 59 40 36 94
24 on 13 74 21 24 26 62 54 35 95
15 on 1 16 18 15 20 8 35 12 84
6 on 22 81 21 21 24 39 30 37 91
11 on 21 82 22 22 25 45 51 40 95
8 on 21 112 26 26 25 50 38 31 93
24 on 15 70 21 24 27 66 56 40 95
1 on 15 13 18 20 23 35 24 49 86
1 on 13 0 18 19 23 27 22 49 86
18 on 20 45 22 22 24 64 27 27 92
2 on 18 0 17 16 17 42 23 18 87
4 on 23 61 25 24 23 43 56 44 93
10 on 21 38 20 22 24 45 52 32 99
6 on 23 86 21 22 25 39 28 42 91
21 on 18 75 24 20 25 57 55 35 91
4 on 21 52 26 25 24 44 52 48 93
25 on 18 68 20 25 21 32 45 24 83
22 on 16 19 17 22 21 30 44 24 86
4 on 22 53 26 25 25 47 54 53 91
10 on 21 45 22 23 26 50 55 34 97
15 on 3 28 20 16 20 13 43 16 83
16 on 19 60 19 22 23 33 34 28 92
5 on 18 50 24 19 21 40 34 28 98
20 on 25 64 23 22 22 46 40 40 90
11 on 21 84 21 22 26 44 54 44 93
10 on 21 54 22 24 27 48 50 33 97
17 on 19 94 27 24 22 49 47 40 92
16 on 19 71 19 22 25 43 43 29 92
26 on 23 30 25 23 21 56 41 40 93
5 on 20 59 25 19 23 42 35 28 97
18 on 19 32 21 20 22 62 19 22 90
1 on 13 18 18 19 23 30 25 55 86
18 on 15 15 21 19 22 57 10 16 90
2 on 18 0 17 15 17 41 13 11 84
19 on 19 56 18 20 22 38 31 36 88
7 on 20 73 23 23 25 35 46 36 83
11 on 21 79 20 22 27 44 51 41 92
18 on 11 0 20 17 21 49 1 16 88
1 on 17 31 19 19 25 35 32 61 86
9 on 27 62 24 23 17 57 51 42 89
15 on 4 44 22 17 21 17 47 19 83
12 on 13 74 22 26 19 70 51 22 94
11 on 22 71 21 23 28 48 47 36 92
17 on 18 99 26 23 21 50 46 41 88
4 on 22 62 25 24 26 44 51 58 91
24 on 17 74 20 24 28 69 57 43 92
2 on 20 17 17 15 18 51 16 11 84
12 on 12 63 21 25 18 69 47 14 91
10 on 23 51 23 23 28 43 48 33 97
25 on 16 51 20 24 21 30 42 16 79
12 on 9 47 21 24 17 60 47 5 88
9 on 29 54 23 22 18 59 53 45 87
19 on 17 41 16 19 21 30 22 30 88
1 on 17 34 19 20 27 35 38 69 83
14 on 24 79 23 26 24 43 44 44 95
1 on 17 39 19 20 28 35 48 75 83
25 on 16 33 18 23 21 27 42 14 75
17 on 20 90 26 22 20 53 42 39 84
9 on 25 37 21 21 18 49 53 45 87
3 on 29 60 20 19 21 37 49 17 91
7 on 21 66 23 23 25 31 46 41 79
15 on 8 48 24 18 22 25 53 29 79
9 on 22 22 21 19 18 47 52 45 87
15 on 10 66 25 20 22 29 55 37 79
18 on 10 0 20 17 21 41 -3 9 87
18 on 14 9 21 19 23 48 1 9 83
10 on 21 61 23 22 28 45 48 36 95
24 on 19 69 19 24 29 72 53 39 92
10 on 19 66 23 21 28 43 51 37 95
16 on 23 72 21 23 25 51 52 35 91
10 on 17 47 23 19 27 38 42 34 94
12 on 5 37 21 24 17 50 40 3 85
17 on 18 70 24 20 20 47 40 30 80
1 on 17 43 19 22 30 45 52 81 81
17 on 14 54 22 20 19 44 34 22 80
23 on 18 44 17 24 22 34 24 26 85
10 on 16 32 22 18 27 35 40 32 93
9 on 18 9 20 18 17 38 48 41 87
3 on 27 43 20 19 19 30 46 10 89
20 on 24 70 24 22 23 49 42 38 86
14 on 24 85 23 27 25 45 43 43 93
0 on 15 32 22 23 25 47 26 45 89
9 on 14 0 19 18 16 36 48 40 87
13 on 25 43 24 22 21 51 44 45 95
22 on 14 7 16 22 20 29 36 22 86
19 on 17 25 15 17 19 20 12 24 88
8 on 23 114 27 26 26 50 35 26 92
8 on 21 118 28 25 26 46 39 30 92
23 on 14 32 15 24 21 24 19 16 81
11 on 18 59 19 23 28 41 42 28 90
20 on 25 75 24 21 23 45 41 37 86
6 on 25 79 22 23 24 42 31 42 91
3 on 24 31 20 19 19 29 42 7 89
26 on 20 12 25 21 20 47 34 34 92
11 on 17 48 19 21 26 34 36 18 90
9 on 15 19 19 19 16 44 51 47 87
6 on 27 71 23 24 25 41 29 41 91
21 on 16 71 23 20 26 61 57 33 90
21 on 17 61 24 21 26 66 55 31 86
4 on 18 45 25 22 25 42 42 53 91
6 on 25 58 22 22 23 34 22 38 91
1 on 16 46 18 22 30 42 55 77 78
18 on 14 13 22 20 23 57 2 12 81
16 on 22 81 21 24 26 53 47 36 91
0 on 15 27 23 23 24 48 23 46 89
23 on 14 21 14 23 19 23 17 16 81
23 on 16 28 15 24 20 23 20 20 81
8 on 18 101 27 24 25 43 35 27 91
25 on 18 44 20 24 22 37 45 17 75
10 on 16 21 20 17 26 33 31 30 93
11 on 16 28 19 19 24 28 28 13 90
0 on 14 19 23 24 24 52 25 43 89
20 on 23 67 25 22 22 47 39 35 86
8 on 14 82 27 22 24 36 26 19 88
7 on 18 53 21 23 24 28 46 41 79
16 on 21 75 21 24 25 49 47 37 88
26 on 16 0 23 21 20 40 29 28 91
26 on 15 0 21 20 18 37 22 24 91
22 on 10 0 15 20 18 20 36 12 86
25 on 19 50 20 24 24 37 52 22 75
25 on 21 64 20 26 26 37 56 23 74
4 on 14 33 25 20 24 37 40 51 91
25 on 24 71 21 26 26 38 63 29 74
6 on 24 48 22 22 21 26 17 29 90
14 on 22 89 23 27 24 40 44 47 91
16 on 19 75 20 24 26 50 44 38 88
6 on 24 37 22 22 20 17 15 21 89
2 on 23 33 17 15 20 56 17 18 83
20 on 20 51 23 21 22 47 36 27 86
18 on 18 25 23 20 25 59 8 15 78
18 on 19 27 24 20 25 68 18 23 78
21 on 14 42 22 20 25 58 46 30 84
22 on 13 19 16 20 19 28 42 12 85
3 on 25 36 22 19 19 29 43 14 89
25 on 28 88 22 27 26 40 69 33 74
8 on 11 72 27 21 24 35 17 12 88
18 on 21 37 26 21 25 71 26 29 78
18 on 23 38 26 20 25 71 29 30 75
23 on 16 30 16 25 22 25 28 27 81
14 on 22 88 23 26 24 43 41 52 91
6 on 20 22 22 20 18 15 6 18 89
21 on 10 30 22 19 25 55 43 27 80
11 on 14 13 18 17 24 21 20 9 89
6 on 23 23 22 21 19 17 6 24 88
26 on 14 0 20 20 17 37 20 23 91
17 on 14 44 20 20 17 40 34 21 79
17 on 11 29 18 18 16 35 24 14 76
20 on 17 41 23 21 21 43 34 22 86
14 on 19 75 21 25 24 40 31 51 87
0 on 10 5 23 23 24 49 21 34 87
1 on 16 37 18 23 29 40 54 80 78
17 on 11 42 18 19 16 41 28 23 75
6 on 25 35 24 21 21 19 16 27 87
16 on 21 75 20 24 26 49 47 41 86
23 on 20 46 16 25 24 31 38 28 77
7 on 17 37 21 22 22 24 39 40 78
4 on 11 22 24 19 22 35 37 41 88
3 on 27 42 24 19 21 30 43 24 85
3 on 28 42 26 19 22 40 49 31 85
8 on 11 61 27 19 24 29 15 4 85
11 on 15 30 18 18 24 26 23 9 89
18 on 22 34 25 20 25 74 31 35 71
9 on 17 38 21 21 16 46 52 52 85
23 on 22 66 16 25 26 32 39 32 74
20 on 14 29 21 21 19 33 31 18 86
25 on 28 93 23 26 25 39 72 32 74
26 on 17 17 21 22 18 42 24 25 91
9 on 20 41 21 21 16 47 53 60 83
10 on 14 1 20 16 25 30 24 21 93
15 on 14 74 27 21 24 31 64 45 79
19 on 13 13 15 15 17 15 7 24 87
4 on 10 2 22 17 21 27 27 37 87
5 on 20 77 27 21 24 49 38 30 97
5 on 22 76 27 20 24 53 41 33 93
13 on 25 40 23 22 22 55 46 43 95
13 on 23 41 24 22 23 53 46 48 92
2 on 24 47 18 15 22 61 27 28 83
5 on 20 69 27 19 23 55 36 32 91
13 on 22 31 23 23 23 54 46 43 92
17 on 13 57 20 20 17 41 34 27 72
13 on 20 26 24 22 22 55 47 48 92
17 on 17 77 20 21 19 46 44 31 70
23 on 26 85 17 25 26 40 49 41 74
15 on 14 83 26 21 25 32 65 41 79
2 on 27 54 18 16 22 64 27 31 83
24 on 18 75 18 24 30 67 54 42 92
13 on 16 6 23 20 20 52 43 48 90
17 on 21 81 22 23 21 54 49 33 66
1 on 16 44 18 24 28 35 54 80 78
9 on 20 51 21 22 18 54 56 69 81
16 on 19 63 18 22 25 45 37 34 83
17 on 24 89 22 24 23 57 50 37 66
1 on 18 53 17 23 27 38 55 78 76
2 on 30 66 19 18 23 74 31 39 83
16 on 19 43 17 21 24 37 29 31 83
13 on 15 0 23 20 20 47 39 39 87
5 on 21 59 28 19 24 50 40 31 91
4 on 13 19 23 17 22 27 27 37 87
18 on 22 31 26 20 25 73 32 35 71
8 on 15 62 29 19 25 38 17 5 85
26 on 21 29 21 22 20 44 33 31 87
9 on 23 68 21 24 19 60 56 70 81
0 on 7 0 23 21 22 43 20 26 87
9 on 25 59 21 25 20 60 59 65 81
23 on 28 79 16 24 27 43 51 45 74
22 on 16 20 18 20 21 28 47 22 82
14 on 15 59 19 24 24 37 24 44 83
26 on 25 42 21 23 20 49 42 31 84
15 on 14 86 26 22 25 32 69 39 78
24 on 18 61 17 24 30 59 50 36 92
23 on 28 85 16 25 26 48 50 48 74
9 on 27 50 22 25 21 63 62 65 79
14 on 11 48 17 23 23 27 14 35 83
15 on 12 87 27 22 26 34 64 44 74
5 on 23 62 28 19 25 52 44 34 88
3 on 30 44 28 19 22 47 51 39 85
13 on 14 0 22 20 20 40 30 38 85
18 on 21 40 27 19 26 70 28 31 71
18 on 19 22 25 18 24 66 22 28 69
2 on 29 74 19 19 23 78 36 39 83
11 on 16 32 18 19 26 36 31 9 89
18 on 16 12 25 18 23 58 18 24 65
25 on 30 102 24 26 25 43 70 30 71
7 on 16 22 20 21 20 23 33 31 74
17 on 25 91 21 24 22 60 52 33 62
6 on 28 35 26 22 22 28 26 30 83
26 on 27 49 21 23 20 57 52 32 84
5 on 20 51 27 18 24 47 42 33 88
3 on 34 47 28 20 22 52 57 39 84
18 on 15 0 24 16 22 55 10 17 65
17 on 26 88 22 24 22 58 53 30 62
18 on 13 0 22 14 21 50 9 10 63
5 on 16 41 26 18 24 38 33 28 88
9 on 25 40 21 24 21 64 62 63 79
9 on 24 45 22 25 21 67 62 60 79
5 on 15 25 24 18 22 38 30 18 84
19 on 13 30 15 16 19 18 16 33 87
15 on 14 92 28 23 27 39 61 41 74
15 on 11 82 26 22 25 31 51 34 72
0 on 12 20 18 19 20 23 16 22 100
1 on 12 20 18 19 20 23 16 22 100
2 on 12 20 18 19 20 23 16 22 100
3 on 12 20 18 19 20 23 16 22 100
4 on 12 20 18 19 20 23 16 22 100
5 on 12 20 18 19 20 23 16 22 100
6 on 12 20 18 19 20 23 16 22 100
7 on 12 20 18 19 20 23 16 22 100
8 on 12 20 18 19 20 23 16 22 100
9 on 12 20 18 19 20 23 16 22 100
10 on 12 20 18 19 20 23 16 22 100
11 on 12 20 18 19 20 23 16 22 100
12 on 12 20 18 19 20 23 16 22 100
13 on 12 20 18 19 20 23 16 22 100
14 on 12 20 18 19 20 23 16 22 100
15 on 12 20 18 19 20 23 16 22 100
16 on 12 20 18 19 20 23 16 22 100
17 on 12 20 18 19 20 23 16 22 100
18 on 12 20 18 19 20 23 16 22 100
19 on 12 20 18 19 20 23 16 22 100
20 on 12 20 18 19 20 23 16 22 100
21 on 12 20 18 19 20 23 16 22 100
22 on 12 20 18 19 20 23 16 22 100
23 on 12 20 18 19 20 23 16 22 100
24 on 12 20 18 19 20 23 16 22 100
25 on 12 20 18 19 20 23 16 22 100
26 on 12 20 18 19 20 23 16 22 100
11 on 12 26 18 19 21 31 19 32 100
15 on 7 70 26 21 25 21 46 34 72
8 on 18 78 31 21 26 47 17 11 85
11 on 20 41 20 21 28 39 40 9 89
23 on 26 81 15 24 27 50 45 45 71
24 on 16 47 15 22 30 49 49 26 92
16 on 16 26 16 20 22 35 21 23 80
8 on 21 94 32 22 28 51 18 19 85
0 on 7 0 23 21 21 37 10 16 87
17 on 26 89 23 23 21 55 57 28 62
14 on 9 32 16 21 22 26 14 34 83
15 on 3 54 25 21 25 16 41 34 72
7 on 16 10 19 21 18 23 29 26 74
17 on 26 88 22 23 22 56 56 24 62
7 on 16 24 21 22 20 26 36 29 74
1 on 15 39 17 21 27 29 46 73 73
6 on 30 46 27 23 22 36 31 33 79
22 on 16 36 20 22 23 36 56 32 80
18 on 13 19 24 16 21 52 19 20 63
16 on 14 9 14 18 22 33 12 13 80
7 on 19 42 22 23 20 33 38 35 71
16 on 17 17 14 19 24 34 15 17 79
25 on 32 108 23 25 26 38 65 31 71
17 on 25 78 20 22 22 50 55 24 62
0 on 5 0 23 19 21 37 8 10 83
7 on 22 62 22 25 22 42 44 44 69
14 on 9 42 16 23 24 31 21 34 82
11 on 21 43 22 23 30 40 46 15 89
21 on 8 13 22 19 23 55 41 27 80
9 on 22 29 22 23 20 63 59 50 79
20 on 14 15 20 19 19 31 25 8 86
18 on 14 27 26 16 21 58 19 22 61
19 on 14 38 15 17 20 20 25 34 84
15 on 0 38 23 21 25 12 36 29 72
20 on 17 21 20 20 21 39 34 9 85
26 on 30 59 23 23 21 57 53 41 84
23 on 27 90 14 25 28 52 44 42 71
14 on 13 62 17 25 26 35 28 38 82
11 on 22 59 23 25 31 41 48 15 86
21 on 4 0 22 17 23 55 40 21 78
11 on 24 66 23 25 32 44 51 18 83
23 on 26 72 12 23 27 47 44 35 67
9 on 22 19 20 21 19 53 57 45 79
10 on 15 19 20 18 26 40 29 28 91
1 on 14 24 16 21 25 21 39 64 70
11 on 24 61 22 26 32 41 54 15 83
4 on 15 21 23 17 22 30 27 45 84
20 on 17 32 20 22 21 44 42 15 82
3 on 33 39 27 20 21 54 62 37 82
2 on 29 70 18 19 24 82 37 38 80
21 on 7 8 23 19 25 63 49 26 78
16 on 19 24 16 21 26 41 19 23 76
9 on 22 1 18 20 17 46 55 43 79
22 on 18 47 22 22 25 38 61 35 76
25 on 30 115 23 26 26 35 66 36 71
25 on 29 97 22 25 26 32 65 26 67
16 on 20 33 18 22 28 49 24 23 76
25 on 27 80 22 24 24 24 61 17 67
21 on 11 10 25 21 26 72 55 29 77
24 on 14 36 15 21 29 48 43 20 88
17 on 21 58 18 20 22 49 50 21 60
6 on 32 65 29 24 22 40 39 42 75
26 on 31 65 24 24 22 56 53 37 83
16 on 21 47 20 23 28 54 33 31 73
9 on 21 0 18 20 17 43 46 42 79
9 on 23 6 20 20 18 48 49 49 79
11 on 22 52 22 25 33 37 51 11 80
26 on 33 71 23 24 23 60 55 40 80
15 on 3 47 25 23 26 21 43 39 69
3 on 31 33 27 20 22 58 59 42 80
11 on 24 43 23 26 34 33 49 7 78
15 on 6 57 26 25 28 28 43 42 69
2 on 28 75 18 20 24 84 36 34 77
12 on 4 25 19 22 16 42 38 -3 85
24 on 12 24 13 20 27 48 35 14 88
22 on 19 62 22 24 27 42 69 44 73
0 on 12 20 19 20 18 22 17 18 100
1 on 12 20 19 20 18 22 17 18 100
2 on 12 20 19 20 18 22 17 18 100
3 on 12 20 19 20 18 22 17 18 100
4 on 12 20 19 20 18 22 17 18 100
5 on 12 20 19 20 18 22 17 18 100
6 on 12 20 19 20 18 22 17 18 100
7 on 12 20 19 20 18 22 17 18 100
8 on 12 20 19 20 18 22 17 18 100
9 on 12 20 19 20 18 22 17 18 100
10 on 12 20 19 20 18 22 17 18 100
11 on 12 20 19 20 18 22 17 18 100
12 on 12 20 19 20 18 22 17 18 100
13 on 12 20 19 20 18 22 17 18 100
14 on 12 20 19 20 18 22 17 18 100
15 on 12 20 19 20 18 22 17 18 100
16 on 12 20 19 20 18 22 17 18 100
17 on 12 20 19 20 18 22 17 18 100
18 on 12 20 19 20 18 22 17 18 100
19 on 12 20 19 20 18 22 17 18 100
20 on 12 20 19 20 18 22 17 18 100
21 on 12 20 19 20 18 22 17 18 100
22 on 12 20 19 20 18 22 17 18 100
23 on 12 20 19 20 18 22 17 18 100
24 on 12 20 19 20 18 22 17 18 100
25 on 12 20 19 20 18 22 17 18 100
26 on 12 20 19 20 18 22 17 18 100
